0.000000 0.307460 0.149586 0.124772 -0.002941 -0.004941 0.001330 0.999983
0.008242 0.307463 0.149588 0.124768 -0.002937 -0.005006 0.001244 0.999982
0.016657 0.307464 0.149578 0.124775 -0.002980 -0.004957 0.001341 0.999982
0.025244 0.307461 0.149591 0.124784 -0.003011 -0.004837 0.001174 0.999983
0.033296 0.307464 0.149583 0.124772 -0.003078 -0.004986 0.001236 0.999982
0.041530 0.307459 0.149583 0.124773 -0.002886 -0.004994 0.001204 0.999983
0.049562 0.307460 0.149592 0.124771 -0.002960 -0.004966 0.001321 0.999982
0.059048 0.307461 0.149593 0.124769 -0.003034 -0.005001 0.001302 0.999982
0.066227 0.307460 0.149584 0.124771 -0.003008 -0.004983 0.001289 0.999982
0.074707 0.307461 0.149582 0.124790 -0.003022 -0.004802 0.001312 0.999983
0.083257 0.307464 0.149582 0.124772 -0.002953 -0.004999 0.001225 0.999982
0.092184 0.307460 0.149586 0.124772 -0.002881 -0.004984 0.001174 0.999983
0.100710 0.307430 0.149684 0.124741 -0.003316 -0.005012 0.001073 0.999981
0.108261 0.307462 0.149590 0.124788 -0.003106 -0.004764 0.001351 0.999983
0.119673 0.307463 0.149588 0.124772 -0.002949 -0.005052 0.001155 0.999982
0.124943 0.307460 0.149593 0.124767 -0.002958 -0.004989 0.001237 0.999982
0.133333 0.307430 0.149685 0.124728 -0.003184 -0.005120 0.001250 0.999981
0.141100 0.307462 0.149584 0.124772 -0.002946 -0.004981 0.001249 0.999982
0.150444 0.307465 0.149592 0.124767 -0.003062 -0.005000 0.001256 0.999982
0.158497 0.307463 0.149592 0.124769 -0.002954 -0.004994 0.001202 0.999982
0.168273 0.307462 0.149593 0.124769 -0.002937 -0.004986 0.001210 0.999983
0.175097 0.307464 0.149594 0.124767 -0.003047 -0.005033 0.001187 0.999982
0.185561 0.307463 0.149592 0.124766 -0.002916 -0.005042 0.001141 0.999982
0.192055 0.307461 0.149607 0.124760 -0.003050 -0.005009 0.001245 0.999982
0.200517 0.307462 0.149600 0.124764 -0.003044 -0.004982 0.001288 0.999982
0.208985 0.307464 0.149600 0.124778 -0.002901 -0.004833 0.001197 0.999983
0.216908 0.307461 0.149602 0.124766 -0.003009 -0.005015 0.001202 0.999982
0.226069 0.307463 0.149600 0.124764 -0.002998 -0.005028 0.001189 0.999982
0.233545 0.307460 0.149603 0.124764 -0.003033 -0.004981 0.001293 0.999982
0.242097 0.307462 0.149607 0.124761 -0.002881 -0.004971 0.001235 0.999983
0.251449 0.307429 0.149702 0.124716 -0.003217 -0.005158 0.001101 0.999981
0.260282 0.307434 0.149703 0.124718 -0.003391 -0.005182 0.001094 0.999980
0.266530 0.307460 0.149613 0.124757 -0.002879 -0.005013 0.001171 0.999983
0.274979 0.307462 0.149609 0.124756 -0.002936 -0.004953 0.001245 0.999983
0.282912 0.307477 0.149685 0.124750 -0.004209 -0.004965 0.000811 0.999979
0.291972 0.307465 0.149608 0.124761 -0.002962 -0.005023 0.001204 0.999982
0.300162 0.307433 0.149696 0.124720 -0.003200 -0.005164 0.001105 0.999981
0.307827 0.307463 0.149600 0.124764 -0.002996 -0.005012 0.001204 0.999982
0.318602 0.307463 0.149598 0.124766 -0.002968 -0.004965 0.001279 0.999982
0.324528 0.307462 0.149595 0.124766 -0.002987 -0.005014 0.001215 0.999982
0.332834 0.307462 0.149596 0.124764 -0.002990 -0.004991 0.001294 0.999982
0.341388 0.307459 0.149615 0.124757 -0.003024 -0.004986 0.001285 0.999982
0.350610 0.307474 0.149683 0.124753 -0.004180 -0.005019 0.000634 0.999979
0.358616 0.307460 0.149600 0.124763 -0.002985 -0.005036 0.001166 0.999982
0.368758 0.307463 0.149590 0.124767 -0.002910 -0.005019 0.001163 0.999982
0.375036 0.307431 0.149700 0.124720 -0.003195 -0.005192 0.001073 0.999981
0.383495 0.307461 0.149591 0.124768 -0.003030 -0.004972 0.001321 0.999982
0.391763 0.307465 0.149598 0.124768 -0.002999 -0.005019 0.001175 0.999982
0.400200 0.307463 0.149602 0.124765 -0.002929 -0.005006 0.001169 0.999982
0.409066 0.307463 0.149595 0.124769 -0.002948 -0.005026 0.001146 0.999982
0.419484 0.307462 0.149603 0.124784 -0.003013 -0.004829 0.001205 0.999983
0.424798 0.307463 0.149594 0.124768 -0.003023 -0.004975 0.001312 0.999982
0.433050 0.307463 0.149585 0.124787 -0.003026 -0.004806 0.001279 0.999983
0.441767 0.307459 0.149580 0.124795 -0.003212 -0.004775 0.001417 0.999982
0.450376 0.307461 0.149588 0.124775 -0.002924 -0.005011 0.001216 0.999982
0.458755 0.307462 0.149589 0.124790 -0.003172 -0.004746 0.001459 0.999983
0.466595 0.307460 0.149585 0.124793 -0.003008 -0.004786 0.001300 0.999983
0.475273 0.307463 0.149589 0.124774 -0.002742 -0.005001 0.001187 0.999983
0.483433 0.307460 0.149591 0.124790 -0.003044 -0.004837 0.001230 0.999983
0.491551 0.307462 0.149579 0.124780 -0.002881 -0.004982 0.001177 0.999983
0.499642 0.307462 0.149581 0.124772 -0.002831 -0.004989 0.001208 0.999983
0.508541 0.307460 0.149591 0.124789 -0.002995 -0.004820 0.001222 0.999983
0.517354 0.307462 0.149591 0.124770 -0.002886 -0.005040 0.001175 0.999982
0.525884 0.307463 0.149583 0.124772 -0.002957 -0.004981 0.001252 0.999982
0.535033 0.307463 0.149591 0.124773 -0.003010 -0.005006 0.001278 0.999982
0.541549 0.307463 0.149587 0.124773 -0.003077 -0.005000 0.001349 0.999982
0.550794 0.307462 0.149589 0.124773 -0.003063 -0.005004 0.001318 0.999982
0.560041 0.307434 0.149689 0.124729 -0.003346 -0.005127 0.001276 0.999980
0.569087 0.307461 0.149588 0.124770 -0.002951 -0.005004 0.001217 0.999982
0.575732 0.307463 0.149593 0.124772 -0.002984 -0.005037 0.001151 0.999982
0.585263 0.307462 0.149594 0.124770 -0.003060 -0.004985 0.001297 0.999982
0.593310 0.307464 0.149583 0.124771 -0.002898 -0.004986 0.001274 0.999983
0.600826 0.307463 0.149598 0.124768 -0.003067 -0.005028 0.001275 0.999982
0.609226 0.307462 0.149595 0.124769 -0.002958 -0.004968 0.001328 0.999982
0.617913 0.307463 0.149602 0.124767 -0.002960 -0.004963 0.001348 0.999982
0.625466 0.307461 0.149597 0.124783 -0.003096 -0.004766 0.001387 0.999983
0.633176 0.307461 0.149603 0.124764 -0.003110 -0.004944 0.001382 0.999982
0.642631 0.307462 0.149600 0.124765 -0.002956 -0.004966 0.001267 0.999982
0.652164 0.307461 0.149602 0.124764 -0.002947 -0.005006 0.001190 0.999982
0.660309 0.307459 0.149597 0.124765 -0.002897 -0.004964 0.001248 0.999983
0.668107 0.307461 0.149598 0.124766 -0.003050 -0.004962 0.001329 0.999982
0.675643 0.307464 0.149592 0.124766 -0.002923 -0.004941 0.001385 0.999983
0.686555 0.307463 0.149602 0.124763 -0.002900 -0.005007 0.001215 0.999983
0.692556 0.307464 0.149609 0.124764 -0.002986 -0.004973 0.001271 0.999982
0.700665 0.307464 0.149596 0.124767 -0.002975 -0.005016 0.001167 0.999982
0.709047 0.307462 0.149591 0.124774 -0.002978 -0.004973 0.001310 0.999982
0.719726 0.307464 0.149601 0.124767 -0.002985 -0.004969 0.001296 0.999982
0.725302 0.307463 0.149597 0.124767 -0.003095 -0.005083 0.001148 0.999982
0.734325 0.307430 0.149687 0.124728 -0.003302 -0.005127 0.001245 0.999981
0.742908 0.307463 0.149587 0.124769 -0.002833 -0.005010 0.001162 0.999983
0.751256 0.307460 0.149595 0.124768 -0.002918 -0.004966 0.001316 0.999983
0.759270 0.307461 0.149606 0.124762 -0.002983 -0.004982 0.001314 0.999982
0.767491 0.307463 0.149594 0.124784 -0.003047 -0.004791 0.001308 0.999983
0.774576 0.307463 0.149598 0.124768 -0.002939 -0.005064 0.001140 0.999982
0.784364 0.307464 0.149589 0.124773 -0.002914 -0.005025 0.001197 0.999982
0.792963 0.307463 0.149587 0.124790 -0.003143 -0.004779 0.001397 0.999983
0.800076 0.307465 0.149597 0.124767 -0.003077 -0.005034 0.001205 0.999982
0.809049 0.307463 0.149584 0.124772 -0.003095 -0.005052 0.001242 0.999982
0.817647 0.307464 0.149583 0.124775 -0.002890 -0.004997 0.001244 0.999983
0.824913 0.307461 0.149591 0.124771 -0.002957 -0.005025 0.001196 0.999982
0.833712 0.307462 0.149589 0.124769 -0.002998 -0.004999 0.001195 0.999982
0.842379 0.307463 0.149587 0.124774 -0.002935 -0.004988 0.001265 0.999982
0.849137 0.307463 0.149584 0.124777 -0.002876 -0.005005 0.001208 0.999983
0.858022 0.307461 0.149589 0.124774 -0.002995 -0.004967 0.001337 0.999982
0.866822 0.307461 0.149594 0.124773 -0.003027 -0.005019 0.001231 0.999982
0.875067 0.307462 0.149587 0.124791 -0.003102 -0.004831 0.001256 0.999983
0.883801 0.307460 0.149582 0.124778 -0.003015 -0.004945 0.001384 0.999982
0.892302 0.307463 0.149589 0.124770 -0.002960 -0.005011 0.001245 0.999982
0.901363 0.307463 0.149579 0.124774 -0.002986 -0.005035 0.001220 0.999982
0.908999 0.307463 0.149584 0.124774 -0.002930 -0.004997 0.001232 0.999982
0.918586 0.307463 0.149594 0.124767 -0.002899 -0.005002 0.001244 0.999983
0.924772 0.307462 0.149590 0.124768 -0.003000 -0.005002 0.001236 0.999982
0.934545 0.307461 0.149590 0.124790 -0.003113 -0.004872 0.001250 0.999983
0.941754 0.307464 0.149594 0.124768 -0.002854 -0.004991 0.001262 0.999983
0.951735 0.307462 0.149587 0.124776 -0.003074 -0.005036 0.001213 0.999982
0.958199 0.307461 0.149595 0.124772 -0.002994 -0.005016 0.001189 0.999982
0.968038 0.307463 0.149581 0.124775 -0.002926 -0.005028 0.001136 0.999982
0.974812 0.307461 0.149592 0.124773 -0.003082 -0.005032 0.001260 0.999982
0.986143 0.307462 0.149596 0.124766 -0.002978 -0.005001 0.001241 0.999982
0.991595 0.307462 0.149595 0.124771 -0.002984 -0.005009 0.001204 0.999982
1.000042 0.307465 0.149591 0.124771 -0.002943 -0.005013 0.001263 0.999982
1.008790 0.307460 0.149596 0.124766 -0.002975 -0.005009 0.001143 0.999982
1.016322 0.307461 0.149600 0.124767 -0.002972 -0.005025 0.001175 0.999982
1.025441 0.307462 0.149596 0.124767 -0.003063 -0.005010 0.001296 0.999982
1.033348 0.307461 0.149595 0.124765 -0.002842 -0.004962 0.001233 0.999983
1.042552 0.307463 0.149593 0.124789 -0.003034 -0.004826 0.001248 0.999983
1.052763 0.307462 0.149599 0.124763 -0.002899 -0.004991 0.001181 0.999983
1.059920 0.307462 0.149600 0.124765 -0.002980 -0.004919 0.001353 0.999983
1.067011 0.307460 0.149600 0.124766 -0.002936 -0.005020 0.001177 0.999982
1.076462 0.307462 0.149600 0.124762 -0.002970 -0.004995 0.001223 0.999982
1.084203 0.307462 0.149592 0.124767 -0.002936 -0.004988 0.001219 0.999982
1.092707 0.307462 0.149594 0.124766 -0.002910 -0.005025 0.001167 0.999982
1.101405 0.307465 0.149590 0.124766 -0.002927 -0.005035 0.001130 0.999982
1.108641 0.307464 0.149605 0.124781 -0.003014 -0.004824 0.001309 0.999983
1.117341 0.307465 0.149595 0.124763 -0.002927 -0.005027 0.001157 0.999982
1.124290 0.307464 0.149598 0.124767 -0.003000 -0.004976 0.001278 0.999982
1.132400 0.307463 0.149590 0.124769 -0.002917 -0.004977 0.001214 0.999983
1.140687 0.307463 0.149598 0.124761 -0.003006 -0.004985 0.001269 0.999982
1.149935 0.307463 0.149603 0.124762 -0.002943 -0.004995 0.001184 0.999982
1.159331 0.307461 0.149604 0.124778 -0.002963 -0.004799 0.001236 0.999983
1.169111 0.307463 0.149605 0.124760 -0.003009 -0.004987 0.001249 0.999982
1.175021 0.307463 0.149594 0.124764 -0.003011 -0.005014 0.001219 0.999982
1.184503 0.307462 0.149599 0.124762 -0.003016 -0.005011 0.001235 0.999982
1.191854 0.307462 0.149602 0.124775 -0.002966 -0.004818 0.001235 0.999983
1.200173 0.307462 0.149610 0.124758 -0.002999 -0.005026 0.001201 0.999982
1.209913 0.307463 0.149598 0.124759 -0.003064 -0.005060 0.001181 0.999982
1.217652 0.307462 0.149611 0.124756 -0.003024 -0.005010 0.001260 0.999982
1.225501 0.307464 0.149610 0.124757 -0.003049 -0.005039 0.001200 0.999982
1.233811 0.307462 0.149615 0.124753 -0.002843 -0.004952 0.001275 0.999983
1.242414 0.307462 0.149618 0.124755 -0.003057 -0.005008 0.001181 0.999982
1.249721 0.307462 0.149602 0.124758 -0.002994 -0.004972 0.001311 0.999982
1.257912 0.307463 0.149606 0.124760 -0.002896 -0.004977 0.001235 0.999983
1.267369 0.307465 0.149614 0.124753 -0.002965 -0.004984 0.001273 0.999982
1.275348 0.307462 0.149602 0.124759 -0.002917 -0.004957 0.001275 0.999983
1.283130 0.307463 0.149612 0.124757 -0.002896 -0.005009 0.001222 0.999983
1.290632 0.307463 0.149607 0.124755 -0.003004 -0.004992 0.001288 0.999982
1.299470 0.307465 0.149610 0.124755 -0.002951 -0.005004 0.001277 0.999982
1.308298 0.307461 0.149602 0.124759 -0.003072 -0.005001 0.001271 0.999982
1.316910 0.307430 0.149712 0.124708 -0.003216 -0.005174 0.001110 0.999981
1.326296 0.307463 0.149610 0.124773 -0.002950 -0.004818 0.001253 0.999983
1.335059 0.307458 0.149601 0.124758 -0.002871 -0.004995 0.001237 0.999983
1.340997 0.307460 0.149595 0.124762 -0.002915 -0.005000 0.001245 0.999982
1.350544 0.307463 0.149602 0.124761 -0.002894 -0.005048 0.001154 0.999982
1.357951 0.307460 0.149606 0.124759 -0.002915 -0.005028 0.001234 0.999982
1.366910 0.307461 0.149610 0.124756 -0.002891 -0.004936 0.001289 0.999983
1.374566 0.307461 0.149604 0.124760 -0.002972 -0.004961 0.001302 0.999982
1.383573 0.307465 0.149599 0.124760 -0.002871 -0.005003 0.001189 0.999983
1.392066 0.307464 0.149605 0.124761 -0.003124 -0.005011 0.001227 0.999982
1.400273 0.307462 0.149602 0.124760 -0.002823 -0.004995 0.001190 0.999983
1.408301 0.307464 0.149592 0.124767 -0.003116 -0.005013 0.001360 0.999982
1.417025 0.307461 0.149591 0.124766 -0.002866 -0.004994 0.001215 0.999983
1.424861 0.307462 0.149605 0.124758 -0.002931 -0.005042 0.001140 0.999982
1.432457 0.307460 0.149606 0.124759 -0.002919 -0.004981 0.001247 0.999983
1.441501 0.307460 0.149586 0.124768 -0.002960 -0.004983 0.001289 0.999982
1.449476 0.307460 0.149597 0.124766 -0.002886 -0.005046 0.001101 0.999982
1.457883 0.307426 0.149706 0.124715 -0.003275 -0.005165 0.001203 0.999981
1.466552 0.307458 0.149595 0.124768 -0.002804 -0.005016 0.001200 0.999983
1.474800 0.307458 0.149607 0.124760 -0.002838 -0.004994 0.001161 0.999983
1.484986 0.307458 0.149596 0.124765 -0.003022 -0.005025 0.001174 0.999982
1.491396 0.307457 0.149603 0.124762 -0.002963 -0.005004 0.001220 0.999982
1.499838 0.307459 0.149599 0.124760 -0.003086 -0.005029 0.001273 0.999982
1.507891 0.307460 0.149591 0.124765 -0.003142 -0.005026 0.001289 0.999982
1.516526 0.307460 0.149596 0.124765 -0.003059 -0.004980 0.001335 0.999982
1.524161 0.307463 0.149596 0.124767 -0.002953 -0.004974 0.001263 0.999982
1.533067 0.307462 0.149597 0.124762 -0.002910 -0.005016 0.001203 0.999982
1.541330 0.307461 0.149596 0.124768 -0.002927 -0.005042 0.001145 0.999982
1.549989 0.307462 0.149599 0.124764 -0.003095 -0.005033 0.001230 0.999982
1.558518 0.307463 0.149594 0.124781 -0.003098 -0.004800 0.001337 0.999983
1.567933 0.307462 0.149596 0.124762 -0.003046 -0.004988 0.001210 0.999982
1.574666 0.307459 0.149596 0.124757 -0.002979 -0.004996 0.001303 0.999982
1.584111 0.307461 0.149597 0.124761 -0.002983 -0.004981 0.001239 0.999982
1.592743 0.307457 0.149590 0.124763 -0.002923 -0.005023 0.001240 0.999982
1.600195 0.307458 0.149600 0.124756 -0.002984 -0.004999 0.001254 0.999982
1.608411 0.307458 0.149587 0.124765 -0.002921 -0.005013 0.001253 0.999982
1.618184 0.307458 0.149605 0.124756 -0.002814 -0.005018 0.001172 0.999983
1.625214 0.307459 0.149593 0.124761 -0.003054 -0.005045 0.001250 0.999982
1.632515 0.307458 0.149597 0.124761 -0.002994 -0.004994 0.001325 0.999982
1.641476 0.307458 0.149589 0.124757 -0.002968 -0.004949 0.001390 0.999982
1.650269 0.307423 0.149693 0.124717 -0.003322 -0.005206 0.001133 0.999980
1.658854 0.307457 0.149590 0.124762 -0.002981 -0.005020 0.001225 0.999982
1.666020 0.307424 0.149696 0.124712 -0.003255 -0.005189 0.001072 0.999981
1.674363 0.307457 0.149591 0.124756 -0.002887 -0.004962 0.001324 0.999983
1.683387 0.307422 0.149682 0.124722 -0.003161 -0.005216 0.001044 0.999981
1.692948 0.307420 0.149687 0.124718 -0.003306 -0.005163 0.001185 0.999981
1.700947 0.307449 0.149586 0.124766 -0.002897 -0.004988 0.001247 0.999983
1.708657 0.307448 0.149596 0.124758 -0.003007 -0.005024 0.001188 0.999982
1.718374 0.307417 0.149683 0.124720 -0.003213 -0.005188 0.001152 0.999981
1.724494 0.307447 0.149578 0.124772 -0.003004 -0.004994 0.001309 0.999982
1.733517 0.307448 0.149577 0.124772 -0.002874 -0.004996 0.001228 0.999983
1.742315 0.307415 0.149685 0.124733 -0.003071 -0.005133 0.001183 0.999981
1.750957 0.307414 0.149677 0.124738 -0.003142 -0.005146 0.001215 0.999981
1.757885 0.307452 0.149583 0.124795 -0.002858 -0.004824 0.001252 0.999984
1.766503 0.307419 0.149688 0.124749 -0.003226 -0.005019 0.001110 0.999982
1.775169 0.307422 0.149684 0.124734 -0.003223 -0.005224 0.001135 0.999981
1.784012 0.307426 0.149678 0.124746 -0.003317 -0.005211 0.001239 0.999980
1.791540 0.307428 0.149684 0.124762 -0.003267 -0.004994 0.001183 0.999982
1.801054 0.307430 0.149690 0.124740 -0.003437 -0.005240 0.001239 0.999980
1.808493 0.307428 0.149676 0.124765 -0.003288 -0.005057 0.001081 0.999981
1.818120 0.307458 0.149581 0.124793 -0.002857 -0.005082 0.001205 0.999982
1.826144 0.307420 0.149680 0.124763 -0.003222 -0.005027 0.001115 0.999982
1.832762 0.307420 0.149679 0.124747 -0.003087 -0.005207 0.001123 0.999981
1.841624 0.307415 0.149673 0.124749 -0.003175 -0.005226 0.001014 0.999981
1.851089 0.307415 0.149683 0.124765 -0.003308 -0.005004 0.001223 0.999981
1.858008 0.307414 0.149685 0.124763 -0.003059 -0.005074 0.000963 0.999982
1.866354 0.307407 0.149672 0.124767 -0.003151 -0.004997 0.001149 0.999982
1.875274 0.307402 0.149673 0.124777 -0.003179 -0.005046 0.001149 0.999982
1.882936 0.307383 0.149606 0.124801 -0.001858 -0.004884 0.001674 0.999985
1.891882 0.307381 0.149594 0.124815 -0.001928 -0.004955 0.001629 0.999985
1.899527 0.307375 0.149593 0.124819 -0.001800 -0.004976 0.001568 0.999985
1.908130 0.307373 0.149593 0.124827 -0.001794 -0.004927 0.001640 0.999985
1.920522 0.307373 0.149585 0.124831 -0.001694 -0.004933 0.001581 0.999985
1.923931 0.307370 0.149593 0.124831 -0.001786 -0.004978 0.001559 0.999985
1.932345 0.307368 0.149586 0.124836 -0.001890 -0.004901 0.001621 0.999985
1.941141 0.307366 0.149578 0.124839 -0.001740 -0.004968 0.001501 0.999985
1.950456 0.307361 0.149593 0.124830 -0.001654 -0.004912 0.001576 0.999985
1.957483 0.307365 0.149588 0.124828 -0.001778 -0.004951 0.001594 0.999985
1.966493 0.307363 0.149581 0.124833 -0.001733 -0.004907 0.001574 0.999985
1.974111 0.307370 0.149596 0.124822 -0.001791 -0.004924 0.001589 0.999985
1.983003 0.307370 0.149594 0.124818 -0.001966 -0.004906 0.001669 0.999985
1.991125 0.307377 0.149601 0.124811 -0.001886 -0.004929 0.001557 0.999985
1.999754 0.307379 0.149596 0.124812 -0.001858 -0.004916 0.001618 0.999985
2.008484 0.307384 0.149594 0.124813 -0.001846 -0.004902 0.001640 0.999985
2.016304 0.307392 0.149677 0.124795 -0.003226 -0.005040 0.001190 0.999981
2.024648 0.307385 0.149599 0.124814 -0.001879 -0.004940 0.001620 0.999985
2.032201 0.307384 0.149612 0.124812 -0.001929 -0.004905 0.001625 0.999985
2.041110 0.307393 0.149676 0.124801 -0.002928 -0.005043 0.000932 0.999983
2.050614 0.307382 0.149612 0.124821 -0.001887 -0.004923 0.001581 0.999985
2.057885 0.307381 0.149610 0.124823 -0.001744 -0.004936 0.001535 0.999985
2.067432 0.307373 0.149601 0.124825 -0.001724 -0.004936 0.001533 0.999985
2.076159 0.307365 0.149626 0.124813 -0.001738 -0.004983 0.001382 0.999985
2.083123 0.307349 0.149609 0.124805 -0.001772 -0.004900 0.001713 0.999985
2.091976 0.307334 0.149596 0.124801 -0.001842 -0.004896 0.001785 0.999985
2.099534 0.307328 0.149589 0.124798 -0.001683 -0.004892 0.001885 0.999985
2.107950 0.307329 0.149605 0.124795 -0.001704 -0.004904 0.001810 0.999985
2.116227 0.307348 0.149630 0.124792 -0.001794 -0.004967 0.001642 0.999985
2.124296 0.307360 0.149633 0.124772 -0.001848 -0.004944 0.001573 0.999985
2.132539 0.307364 0.149630 0.124762 -0.001862 -0.004946 0.001603 0.999985
2.140387 0.307370 0.149718 0.124732 -0.003080 -0.004999 0.001271 0.999982
2.148924 0.307345 0.149619 0.124751 -0.001720 -0.004955 0.001689 0.999985
2.157246 0.307344 0.149643 0.124744 -0.001807 -0.005000 0.001699 0.999985
2.165928 0.307339 0.149608 0.124767 -0.001779 -0.004977 0.001744 0.999985
2.173937 0.307350 0.149650 0.124753 -0.001642 -0.004973 0.001689 0.999985
2.185535 0.307356 0.149701 0.124756 -0.003017 -0.005159 0.001139 0.999981
2.190288 0.307365 0.149726 0.124760 -0.002991 -0.005142 0.001133 0.999982
2.201507 0.307368 0.149676 0.124780 -0.001724 -0.005017 0.001691 0.999985
2.207216 0.307357 0.149651 0.124795 -0.001731 -0.005024 0.001705 0.999985
2.215873 0.307362 0.149670 0.124778 -0.001865 -0.005057 0.001763 0.999984
2.224242 0.307347 0.149652 0.124783 -0.001836 -0.005105 0.001718 0.999984
2.232572 0.307341 0.149677 0.124760 -0.001626 -0.005155 0.001711 0.999984
2.241431 0.307334 0.149678 0.124739 -0.001640 -0.005161 0.001911 0.999984
2.249115 0.307334 0.149676 0.124731 -0.001654 -0.005228 0.001891 0.999983
2.257468 0.307342 0.149701 0.124714 -0.001623 -0.005279 0.001893 0.999983
2.266229 0.307346 0.149708 0.124718 -0.001804 -0.005398 0.001864 0.999982
2.275003 0.307355 0.149724 0.124711 -0.001634 -0.005526 0.001739 0.999982
2.282545 0.307354 0.149718 0.124702 -0.001709 -0.005599 0.001930 0.999981
2.291580 0.307358 0.149727 0.124691 -0.001767 -0.005750 0.001932 0.999980
2.300381 0.307393 0.149628 0.124729 -0.001440 -0.005634 0.002199 0.999981
2.309727 0.307393 0.149616 0.124725 -0.001413 -0.005739 0.002267 0.999980
2.317502 0.307365 0.149757 0.124663 -0.001701 -0.005983 0.002128 0.999978
2.324518 0.307401 0.149639 0.124722 -0.001315 -0.005777 0.002221 0.999980
2.334490 0.307405 0.149670 0.124717 -0.001454 -0.005845 0.002181 0.999979
2.340766 0.307400 0.149661 0.124722 -0.001270 -0.005818 0.002105 0.999980
2.349814 0.307390 0.149677 0.124703 -0.001233 -0.005863 0.002003 0.999980
2.358795 0.307384 0.149691 0.124685 -0.001315 -0.005781 0.002216 0.999980
2.367482 0.307360 0.149769 0.124587 -0.001765 -0.006070 0.002233 0.999978
2.375174 0.307370 0.149780 0.124553 -0.001864 -0.006059 0.002250 0.999977
2.387413 0.307382 0.149795 0.124531 -0.001869 -0.006057 0.002093 0.999978
2.391916 0.307412 0.149892 0.124470 -0.003134 -0.006347 0.001745 0.999973
2.401072 0.307446 0.149851 0.124508 -0.002537 -0.006224 0.001233 0.999977
2.408240 0.307467 0.149881 0.124478 -0.002676 -0.006196 0.001322 0.999976
2.418463 0.307485 0.149934 0.124426 -0.002131 -0.006275 0.001173 0.999977
2.424655 0.307502 0.149965 0.124387 -0.002180 -0.006271 0.001236 0.999977
2.433022 0.307558 0.150056 0.124269 -0.002425 -0.006700 0.000587 0.999974
2.440459 0.307585 0.150117 0.124202 -0.002721 -0.007263 0.000162 0.999970
2.452930 0.307671 0.150147 0.124166 -0.001900 -0.006924 0.000625 0.999974
2.458377 0.307759 0.150308 0.124041 -0.002506 -0.007354 0.000594 0.999970
2.466901 0.307920 0.150320 0.124062 -0.001792 -0.007141 0.000393 0.999973
2.474109 0.308074 0.150628 0.123953 -0.002121 -0.007136 -0.000609 0.999972
2.483013 0.308211 0.150835 0.123857 -0.002308 -0.007084 -0.000686 0.999972
2.491670 0.308363 0.151106 0.123725 -0.003060 -0.006723 0.000082 0.999973
2.500394 0.308539 0.151289 0.123635 -0.002348 -0.005724 0.000873 0.999981
2.508060 0.308790 0.151516 0.123519 -0.004644 -0.006135 0.001855 0.999969
2.516676 0.309024 0.151671 0.123403 -0.003279 -0.008284 -0.003242 0.999955
2.524053 0.309183 0.151853 0.123252 -0.002536 -0.008347 -0.003483 0.999956
2.532960 0.309361 0.152017 0.123077 -0.001914 -0.008707 -0.004881 0.999948
2.540535 0.309599 0.152207 0.122859 -0.004027 -0.008565 -0.002823 0.999951
2.549396 0.309858 0.152497 0.122656 -0.003834 -0.008360 -0.003385 0.999952
2.557363 0.310114 0.152551 0.122526 -0.003871 -0.008304 -0.003221 0.999953
2.566092 0.310347 0.152904 0.122265 -0.004597 -0.009031 -0.004094 0.999940
2.574261 0.310568 0.153193 0.122028 -0.004623 -0.009345 -0.004562 0.999935
2.586544 0.310910 0.153598 0.121718 -0.004024 -0.011357 -0.009557 0.999882
2.592341 0.311121 0.153845 0.121491 -0.004309 -0.011700 -0.009983 0.999872
2.600658 0.311351 0.153897 0.121301 -0.007306 -0.012259 -0.010001 0.999848
2.608649 0.311522 0.154275 0.120978 -0.008345 -0.013379 -0.011536 0.999809
2.617034 0.311678 0.154616 0.120648 -0.006887 -0.012935 -0.011491 0.999827
2.624280 0.311868 0.154822 0.120379 -0.005736 -0.012746 -0.011127 0.999840
2.633295 0.311963 0.155022 0.120214 -0.005595 -0.012882 -0.011064 0.999840
2.642165 0.312039 0.155260 0.120058 -0.006004 -0.012890 -0.010064 0.999848
2.651321 0.312093 0.155461 0.119927 -0.006193 -0.013043 -0.009904 0.999847
2.658676 0.312126 0.155684 0.119811 -0.006231 -0.013091 -0.009638 0.999848
2.666889 0.312160 0.155922 0.119715 -0.006232 -0.012942 -0.009106 0.999855
2.675466 0.312195 0.156162 0.119631 -0.006602 -0.012820 -0.009054 0.999855
2.682954 0.312227 0.156404 0.119566 -0.006964 -0.012545 -0.009052 0.999856
2.691566 0.312237 0.156734 0.119488 -0.008366 -0.012883 -0.009757 0.999834
2.700204 0.312274 0.157066 0.119445 -0.007544 -0.012679 -0.010468 0.999836
2.707917 0.312304 0.157506 0.119469 -0.008054 -0.011865 -0.011278 0.999834
2.716996 0.312357 0.157878 0.119498 -0.010018 -0.011551 -0.010898 0.999824
2.725379 0.312345 0.158336 0.119496 -0.007322 -0.011137 -0.012898 0.999828
2.734401 0.312406 0.158700 0.119554 -0.005763 -0.010095 -0.012434 0.999855
2.740622 0.312447 0.159313 0.119596 -0.005836 -0.009354 -0.009820 0.999891
2.750274 0.312522 0.160068 0.119619 -0.005850 -0.008984 -0.011718 0.999874
2.758525 0.312667 0.160556 0.119735 -0.004614 -0.007958 -0.011674 0.999890
2.767784 0.312789 0.161042 0.119839 -0.005537 -0.007420 -0.010454 0.999902
2.774015 0.312914 0.161821 0.119868 -0.003337 -0.005665 -0.011331 0.999914
2.782507 0.313105 0.162358 0.119949 -0.006147 -0.007115 -0.012234 0.999881
2.791509 0.313256 0.162989 0.120061 -0.004307 -0.007277 -0.014776 0.999855
2.799622 0.313396 0.163668 0.120091 -0.005441 -0.006891 -0.015085 0.999848
2.807750 0.313570 0.164216 0.120116 -0.003969 -0.005835 -0.014590 0.999869
2.815495 0.313725 0.164794 0.120125 -0.003676 -0.005492 -0.015147 0.999864
2.824253 0.313910 0.165510 0.120267 -0.002416 -0.004514 -0.017344 0.999837
2.832126 0.314153 0.166127 0.120299 -0.000784 -0.003973 -0.016943 0.999848
2.840628 0.314331 0.166851 0.120209 -0.000262 -0.003036 -0.015217 0.999880
2.848666 0.314615 0.167595 0.120151 0.001052 -0.003847 -0.019113 0.999809
2.857139 0.314934 0.168116 0.120170 0.003545 -0.003634 -0.019430 0.999798
2.865904 0.315212 0.168698 0.120098 0.003869 -0.002678 -0.018586 0.999816
2.875395 0.315590 0.169254 0.120178 -0.000571 -0.002377 -0.018448 0.999827
2.883321 0.315892 0.170020 0.120014 -0.000713 -0.002227 -0.018409 0.999828
2.891075 0.316207 0.170634 0.119888 -0.000193 -0.001400 -0.018041 0.999836
2.898908 0.316581 0.171186 0.119792 0.001417 -0.001040 -0.020474 0.999789
2.907869 0.316920 0.171612 0.119691 0.001883 -0.001430 -0.022704 0.999739
2.918083 0.317318 0.172018 0.119645 0.003559 0.000145 -0.022464 0.999741
2.923733 0.317731 0.172506 0.119459 -0.001277 0.000085 -0.019427 0.999811
2.933853 0.318151 0.173023 0.119253 -0.000988 0.000934 -0.019232 0.999814
2.940604 0.318552 0.173373 0.119121 -0.000087 -0.000353 -0.022850 0.999739
2.951660 0.319027 0.173773 0.118869 0.000599 -0.001169 -0.026256 0.999654
2.957235 0.319587 0.174091 0.118669 -0.002177 0.000337 -0.021422 0.999768
2.966706 0.320047 0.174646 0.118404 -0.002045 0.001009 -0.021320 0.999770
2.974695 0.320596 0.175246 0.118032 -0.001545 -0.000361 -0.024822 0.999691
2.985474 0.321101 0.175596 0.117813 0.000478 0.001043 -0.023945 0.999713
2.991453 0.321670 0.175964 0.117519 -0.003885 0.001199 -0.021454 0.999762
3.000735 0.322239 0.176370 0.117188 -0.002932 0.001456 -0.023019 0.999730
3.008718 0.322804 0.176773 0.116917 -0.001439 0.000958 -0.025354 0.999677
3.021101 0.323393 0.177531 0.116493 -0.001269 0.002444 -0.023934 0.999710
3.026087 0.323980 0.177711 0.116310 -0.002394 0.001835 -0.023371 0.999722
3.032695 0.324609 0.178292 0.115899 -0.003088 0.001461 -0.024557 0.999693
3.041531 0.325217 0.178705 0.115595 -0.001452 0.001014 -0.028365 0.999596
3.048753 0.325922 0.179258 0.115178 -0.004433 0.002283 -0.023681 0.999707
3.057168 0.326544 0.179792 0.114824 -0.001542 0.001501 -0.025973 0.999660
3.065996 0.327173 0.180499 0.114341 -0.002394 0.002428 -0.024929 0.999683
3.075112 0.327888 0.180821 0.114033 -0.005822 0.001504 -0.026224 0.999638
3.085619 0.328608 0.181511 0.113573 -0.003263 0.002060 -0.026815 0.999633
3.093193 0.329318 0.182128 0.113140 -0.001479 0.001794 -0.027284 0.999625
3.100469 0.330116 0.182509 0.112787 -0.002380 0.001419 -0.028618 0.999587
3.109070 0.330827 0.183268 0.112226 -0.003816 0.001987 -0.028068 0.999597
3.117929 0.331560 0.184062 0.111740 -0.002554 0.001465 -0.029929 0.999548
3.124366 0.332403 0.184519 0.111351 -0.002334 0.002729 -0.026551 0.999641
3.133028 0.333234 0.185190 0.110797 -0.005289 0.001682 -0.029178 0.999559
3.141607 0.333963 0.185743 0.110295 -0.001958 0.001555 -0.032098 0.999482
3.150206 0.334835 0.186353 0.109791 -0.003543 0.002299 -0.028553 0.999583
3.157471 0.335689 0.186951 0.109202 -0.004667 0.000236 -0.032073 0.999475
3.167512 0.336456 0.187439 0.108771 -0.006116 0.002606 -0.028692 0.999566
3.174306 0.337285 0.187942 0.108180 -0.003779 0.002157 -0.030931 0.999512
3.183571 0.338108 0.188804 0.107456 -0.006031 0.000350 -0.032275 0.999461
3.191258 0.338923 0.189207 0.107052 -0.005631 0.002119 -0.029971 0.999533
3.200505 0.339778 0.189794 0.106420 -0.004116 0.000544 -0.033453 0.999432
3.207522 0.340690 0.190313 0.105879 -0.007954 0.002294 -0.029274 0.999537
3.217060 0.341560 0.190756 0.105379 -0.004901 0.001005 -0.033667 0.999421
3.225414 0.342442 0.191478 0.104718 -0.009404 0.000417 -0.030909 0.999478
3.232358 0.343393 0.192102 0.104150 -0.006332 0.001178 -0.032812 0.999441
3.241075 0.344269 0.192887 0.103429 -0.005509 0.000410 -0.034615 0.999386
3.249163 0.345344 0.193245 0.102968 -0.006003 0.001537 -0.031535 0.999484
3.257698 0.346223 0.194125 0.102254 -0.005709 0.000463 -0.034381 0.999392
3.266343 0.347284 0.194545 0.101830 -0.007758 0.000436 -0.033679 0.999403
3.274248 0.348167 0.195511 0.101100 -0.006142 0.000472 -0.034985 0.999369
3.282933 0.349267 0.196030 0.100616 -0.006197 0.001147 -0.033712 0.999412
3.290782 0.350195 0.196996 0.099901 -0.009135 0.000627 -0.033051 0.999412
3.299046 0.351243 0.197632 0.099393 -0.006471 0.000836 -0.035083 0.999363
3.307179 0.352162 0.198526 0.098718 -0.005655 0.000473 -0.035897 0.999339
3.316590 0.353232 0.198957 0.098293 -0.007321 0.000779 -0.035220 0.999352
3.324748 0.354148 0.200050 0.097617 -0.004868 -0.000641 -0.039346 0.999214
3.333149 0.355153 0.200741 0.097076 -0.009940 0.000073 -0.036389 0.999288
3.340511 0.356039 0.201354 0.096560 -0.007346 0.000230 -0.038260 0.999241
3.349820 0.356889 0.202156 0.096027 -0.009342 0.000569 -0.037921 0.999237
3.357425 0.357712 0.202809 0.095446 -0.009482 0.001980 -0.036799 0.999276
3.366456 0.358537 0.203198 0.095026 -0.011743 0.002209 -0.036510 0.999262
3.374022 0.359229 0.203663 0.094554 -0.008676 0.003733 -0.036036 0.999306
3.385226 0.359921 0.204161 0.094001 -0.010398 0.002313 -0.039116 0.999178
3.390851 0.360616 0.204608 0.093584 -0.013805 0.003520 -0.036123 0.999246
3.399428 0.361243 0.205205 0.093091 -0.011940 0.004614 -0.036671 0.999245
3.407613 0.361875 0.205554 0.092640 -0.010087 0.004280 -0.037778 0.999226
3.416761 0.362603 0.205954 0.092335 -0.014741 0.004838 -0.035335 0.999255
3.424093 0.363241 0.206592 0.091921 -0.013850 0.006235 -0.033895 0.999310
3.432427 0.363898 0.207427 0.091448 -0.011081 0.005936 -0.037793 0.999206
3.441161 0.364638 0.207793 0.091239 -0.013961 0.007265 -0.034787 0.999271
3.452100 0.365312 0.208746 0.090772 -0.014595 0.006945 -0.036416 0.999206
3.457091 0.366011 0.209313 0.090469 -0.011116 0.008035 -0.037807 0.999191
3.465986 0.366693 0.209903 0.090233 -0.012835 0.008602 -0.035607 0.999246
3.474571 0.367365 0.210885 0.089854 -0.010908 0.008177 -0.038831 0.999153
3.484403 0.368068 0.211447 0.089613 -0.010007 0.009692 -0.038486 0.999162
3.491258 0.368705 0.212389 0.089275 -0.012301 0.010559 -0.036964 0.999185
3.500357 0.369399 0.213305 0.088901 -0.008841 0.011149 -0.039055 0.999136
3.508947 0.370058 0.214102 0.088634 -0.009091 0.011014 -0.039252 0.999127
3.516999 0.370743 0.215080 0.088319 -0.011609 0.010816 -0.040085 0.999070
3.524454 0.371394 0.215799 0.088080 -0.009062 0.012212 -0.040087 0.999080
3.533024 0.372019 0.216972 0.087638 -0.009523 0.013014 -0.039863 0.999075
3.541338 0.372700 0.217654 0.087355 -0.011351 0.013802 -0.038464 0.999100
3.550569 0.373360 0.218706 0.086954 -0.009971 0.013149 -0.042078 0.998978
3.558457 0.373971 0.219715 0.086563 -0.011071 0.013789 -0.041548 0.998980
3.567622 0.374707 0.220460 0.086354 -0.010523 0.013800 -0.042271 0.998955
3.574226 0.375295 0.221689 0.085872 -0.010039 0.014212 -0.043402 0.998906
3.583307 0.375919 0.222697 0.085546 -0.010620 0.012996 -0.045895 0.998805
3.592381 0.376657 0.223629 0.085201 -0.012673 0.014556 -0.042960 0.998890
3.600482 0.377244 0.224882 0.084794 -0.012041 0.015311 -0.043328 0.998871
3.607124 0.377984 0.225776 0.084477 -0.011182 0.015097 -0.045361 0.998794
3.618351 0.378616 0.226998 0.084121 -0.012978 0.016245 -0.043684 0.998829
3.624966 0.379253 0.228169 0.083727 -0.013040 0.014782 -0.046966 0.998702
3.633001 0.380025 0.229085 0.083560 -0.013130 0.016172 -0.045003 0.998770
3.641961 0.380658 0.230299 0.083194 -0.012346 0.014297 -0.049033 0.998619
3.649538 0.381331 0.231700 0.082838 -0.011488 0.014300 -0.050309 0.998565
3.659031 0.381995 0.232686 0.082654 -0.013526 0.014693 -0.048641 0.998617
3.666704 0.382662 0.234067 0.082290 -0.010927 0.014855 -0.049893 0.998584
3.675152 0.383299 0.235221 0.082110 -0.011296 0.015901 -0.049550 0.998581
3.683964 0.383984 0.236400 0.081917 -0.009714 0.015592 -0.050258 0.998567
3.691489 0.384595 0.237789 0.081707 -0.009352 0.017211 -0.049514 0.998581
3.699321 0.385170 0.239098 0.081500 -0.006183 0.015702 -0.054734 0.998358
3.709293 0.385778 0.240345 0.081364 -0.008229 0.016327 -0.052386 0.998460
3.718486 0.386410 0.241664 0.081108 -0.005706 0.015711 -0.055827 0.998301
3.725806 0.386994 0.242985 0.080863 -0.005508 0.017073 -0.055278 0.998310
3.733770 0.387585 0.244344 0.080627 -0.006430 0.016286 -0.055730 0.998292
3.743343 0.388217 0.245669 0.080449 -0.003820 0.017823 -0.056393 0.998242
3.751396 0.388793 0.247088 0.080278 -0.003884 0.017053 -0.058781 0.998118
3.758333 0.389456 0.248379 0.080020 -0.003978 0.017804 -0.056518 0.998235
3.767236 0.390005 0.249813 0.079849 -0.001298 0.018554 -0.059046 0.998082
3.775759 0.390561 0.251431 0.079495 -0.000955 0.016539 -0.063069 0.997872
3.783710 0.391154 0.252577 0.079433 -0.002360 0.018720 -0.058916 0.998085
3.791286 0.391684 0.253978 0.079144 -0.000401 0.018401 -0.062387 0.997882
3.800751 0.392177 0.255449 0.078860 -0.001354 0.017470 -0.064690 0.997752
3.809523 0.392605 0.256697 0.078637 -0.000104 0.020488 -0.061403 0.997903
3.819816 0.393053 0.258164 0.078386 -0.002192 0.019381 -0.062838 0.997833
3.825259 0.393410 0.259797 0.078044 -0.002089 0.019078 -0.065608 0.997661
3.833809 0.393844 0.260821 0.077918 -0.000576 0.021626 -0.063983 0.997716
3.842607 0.394239 0.262422 0.077597 0.000070 0.020786 -0.066441 0.997574
3.850037 0.394543 0.263807 0.077341 -0.002193 0.020075 -0.068744 0.997430
3.859698 0.394913 0.265265 0.077075 -0.005207 0.020678 -0.064858 0.997667
3.868195 0.395232 0.266657 0.076795 -0.002654 0.020670 -0.068744 0.997417
3.876306 0.395569 0.268138 0.076531 -0.001943 0.022824 -0.067159 0.997479
3.882581 0.395869 0.269612 0.076269 -0.003824 0.021772 -0.068159 0.997430
3.891970 0.396118 0.271029 0.075989 -0.003637 0.021429 -0.070321 0.997288
3.900794 0.396283 0.272634 0.075694 -0.001989 0.021376 -0.071131 0.997236
3.910237 0.396514 0.274134 0.075459 -0.001228 0.022174 -0.072174 0.997145
3.916760 0.396668 0.275691 0.075207 -0.004160 0.021999 -0.071999 0.997153
3.925603 0.396810 0.277140 0.074958 -0.003951 0.021048 -0.074105 0.997020
3.934666 0.396907 0.278801 0.074680 -0.002984 0.021455 -0.074601 0.996978
3.941349 0.396983 0.280350 0.074440 -0.002858 0.021208 -0.076217 0.996862
3.949036 0.397045 0.281983 0.074197 -0.001809 0.021420 -0.076854 0.996811
3.958625 0.397072 0.283702 0.073980 -0.002917 0.021328 -0.076989 0.996799
3.968120 0.397128 0.285264 0.073787 -0.002499 0.021135 -0.078513 0.996686
3.975747 0.397106 0.287103 0.073570 -0.002204 0.021668 -0.078578 0.996670
3.984091 0.397115 0.288825 0.073357 -0.003197 0.021674 -0.079182 0.996619
3.991337 0.397093 0.290611 0.073188 -0.002312 0.022547 -0.079959 0.996541
4.001582 0.397035 0.292440 0.073046 -0.001897 0.022797 -0.080043 0.996529
4.008680 0.396996 0.294237 0.072879 -0.000645 0.022924 -0.082290 0.996345
4.017154 0.396898 0.296106 0.072738 -0.001048 0.022982 -0.083546 0.996238
4.026361 0.396783 0.297993 0.072606 0.002552 0.023206 -0.086853 0.995948
4.034171 0.396646 0.299941 0.072344 0.002824 0.022824 -0.087830 0.995870
4.041428 0.396489 0.301847 0.072258 0.003196 0.023556 -0.089111 0.995738
4.050603 0.396323 0.303791 0.072042 0.001722 0.022995 -0.089968 0.995678
4.059119 0.396080 0.305694 0.071861 0.001017 0.024225 -0.088208 0.995807
4.067735 0.395794 0.307655 0.071614 0.003997 0.023971 -0.092636 0.995403
4.075645 0.395602 0.309442 0.071461 0.002941 0.023834 -0.092912 0.995385
4.085457 0.395300 0.311120 0.071360 0.002854 0.023284 -0.094382 0.995260
4.092520 0.395009 0.312947 0.071122 0.001542 0.023483 -0.093858 0.995307
4.099216 0.394647 0.314816 0.070819 0.004804 0.024146 -0.096649 0.995014
4.108171 0.394284 0.316544 0.070605 0.001233 0.023421 -0.096039 0.995101
4.117781 0.393932 0.318231 0.070321 0.001269 0.022827 -0.098524 0.994872
4.124180 0.393541 0.319960 0.070041 0.001831 0.024133 -0.097926 0.994899
4.131488 0.393155 0.321614 0.069695 0.000839 0.022690 -0.101573 0.994569
4.139758 0.392708 0.323384 0.069367 0.000597 0.022982 -0.101902 0.994529
4.148334 0.392325 0.325016 0.069012 0.000938 0.022774 -0.103566 0.994361
4.157071 0.391943 0.326630 0.068703 -0.002750 0.022277 -0.102931 0.994435
4.166147 0.391473 0.328374 0.068298 0.000236 0.022291 -0.106176 0.994097
4.174562 0.391055 0.329945 0.067990 -0.003153 0.021685 -0.105424 0.994186
4.183472 0.390541 0.331716 0.067482 -0.000823 0.021475 -0.108989 0.993811
4.190607 0.390110 0.333264 0.067129 -0.002794 0.020625 -0.108548 0.993873
4.199744 0.389598 0.334820 0.066699 -0.002433 0.020383 -0.110144 0.993704
4.207032 0.389126 0.336386 0.066317 -0.003887 0.018423 -0.112963 0.993421
4.216388 0.388544 0.337989 0.065885 -0.003774 0.019589 -0.112481 0.993454
4.223828 0.387945 0.339501 0.065480 0.000332 0.018304 -0.117751 0.992874
4.233561 0.387326 0.341104 0.065119 -0.007225 0.017939 -0.113943 0.993299
4.241346 0.386695 0.342525 0.064778 -0.002997 0.019140 -0.116732 0.992975
4.248871 0.386065 0.344000 0.064479 -0.008360 0.017412 -0.115753 0.993090
4.257459 0.385407 0.345457 0.064068 -0.004157 0.018590 -0.118806 0.992735
4.265442 0.384716 0.346934 0.063828 -0.005028 0.017017 -0.120662 0.992535
4.274157 0.383982 0.348431 0.063382 -0.007440 0.016235 -0.120306 0.992576
4.282450 0.383245 0.349869 0.063120 -0.008261 0.017079 -0.119539 0.992648
4.289873 0.382447 0.351310 0.062785 -0.005045 0.016281 -0.124153 0.992117
4.298549 0.381665 0.352703 0.062461 -0.006094 0.015446 -0.124096 0.992131
4.307108 0.380882 0.354042 0.062196 -0.006425 0.015646 -0.123727 0.992172
4.316506 0.380202 0.355209 0.062108 -0.006405 0.015931 -0.125394 0.991958
4.324313 0.379321 0.356739 0.061709 -0.004267 0.015036 -0.128072 0.991642
4.331677 0.378491 0.358166 0.061380 -0.004294 0.014785 -0.128528 0.991586
4.340386 0.377818 0.359250 0.061305 -0.005596 0.014346 -0.126969 0.991787
4.348202 0.377032 0.360736 0.060936 -0.004239 0.013975 -0.129571 0.991463
4.356913 0.376250 0.362127 0.060604 -0.002519 0.014086 -0.130957 0.991285
4.366119 0.375513 0.363351 0.060339 0.000674 0.011509 -0.135500 0.990710
4.373469 0.374736 0.364653 0.060074 -0.003048 0.011290 -0.133124 0.991030
4.384333 0.373965 0.365838 0.059809 0.000604 0.013194 -0.132499 0.991095
4.389903 0.373094 0.367244 0.059413 0.003347 0.010157 -0.138187 0.990348
4.398896 0.372288 0.368350 0.059135 0.003587 0.009807 -0.139729 0.990135
4.406543 0.371358 0.369566 0.058764 0.002060 0.010018 -0.139161 0.990217
4.416843 0.370458 0.370702 0.058448 0.003653 0.010059 -0.140866 0.989971
4.423416 0.369502 0.371712 0.058199 0.003958 0.008619 -0.144048 0.989525
4.432298 0.368580 0.372662 0.057944 0.006808 0.008896 -0.146168 0.989196
4.440312 0.367549 0.373639 0.057649 0.005990 0.008152 -0.147925 0.988947
4.449218 0.366470 0.374804 0.057273 0.006160 0.007829 -0.148095 0.988923
4.456943 0.365433 0.375683 0.057000 0.006040 0.007388 -0.149668 0.988690
4.466420 0.364398 0.376564 0.056745 0.000825 0.007125 -0.145757 0.989294
4.474808 0.363334 0.377360 0.056495 0.001823 0.006882 -0.147177 0.989085
4.482562 0.362145 0.378607 0.055895 0.009334 0.007570 -0.151568 0.988374
4.490759 0.361054 0.379363 0.055636 0.005995 0.004913 -0.152862 0.988217
4.498372 0.359948 0.380288 0.055210 0.003733 0.005900 -0.150270 0.988620
4.507087 0.358799 0.381056 0.054860 0.006351 0.005002 -0.154024 0.988034
4.516942 0.357719 0.381710 0.054607 0.004961 0.003955 -0.154703 0.987941
4.524260 0.356507 0.382560 0.054165 0.005582 0.004149 -0.156004 0.987732
4.533750 0.355406 0.383119 0.053914 0.003993 0.002673 -0.156466 0.987672
4.541486 0.354222 0.383715 0.053529 0.003033 0.003467 -0.155364 0.987847
4.550059 0.352973 0.384507 0.053110 0.004320 0.002672 -0.157159 0.987560
4.558453 0.351857 0.385002 0.052829 0.002258 0.003248 -0.155268 0.987864
4.566345 0.350569 0.385691 0.052393 -0.000453 0.000970 -0.156243 0.987718
4.574163 0.349212 0.386776 0.051762 0.005261 0.002745 -0.158105 0.987404
4.583018 0.348046 0.387232 0.051372 0.003849 0.002157 -0.158905 0.987284
4.590379 0.346868 0.387657 0.051135 0.002624 0.000039 -0.159880 0.987133
4.599251 0.345689 0.388066 0.050705 0.000659 0.001428 -0.158759 0.987316
4.607069 0.344403 0.388644 0.050309 0.003910 0.000767 -0.161693 0.986833
4.616326 0.343119 0.389269 0.049816 0.001235 -0.000461 -0.161699 0.986839
4.624037 0.341925 0.389813 0.049360 0.003559 -0.001419 -0.165285 0.986238
4.633212 0.340742 0.390294 0.048915 0.002595 -0.000685 -0.163411 0.986555
4.640772 0.339528 0.390885 0.048470 0.003833 0.000077 -0.163955 0.986461
4.649238 0.338424 0.391375 0.048013 0.001983 -0.001052 -0.163849 0.986483
4.657209 0.337372 0.391753 0.047714 0.001252 -0.000915 -0.163865 0.986482
4.665856 0.336289 0.392149 0.047295 0.000199 -0.001759 -0.164196 0.986426
4.674425 0.335165 0.392535 0.046858 0.000150 -0.003283 -0.166102 0.986103
4.682450 0.333940 0.392961 0.046465 0.002846 -0.003551 -0.167309 0.985894
4.691291 0.332719 0.393299 0.046101 0.000750 -0.004643 -0.168728 0.985651
4.698868 0.331413 0.393629 0.045669 0.004520 -0.005153 -0.171461 0.985167
4.707240 0.330178 0.393767 0.045343 0.003426 -0.005785 -0.171756 0.985117
4.716021 0.328790 0.394005 0.044925 -0.000124 -0.005119 -0.168605 0.985671
4.725003 0.327414 0.394339 0.044576 0.001365 -0.005334 -0.169465 0.985521
4.732085 0.326061 0.394404 0.044305 0.001128 -0.006006 -0.169585 0.985497
4.740292 0.324621 0.394614 0.043918 0.002327 -0.003743 -0.167774 0.985816
4.749101 0.323334 0.394642 0.043670 0.000962 -0.004333 -0.168224 0.985739
4.757137 0.321948 0.394776 0.043340 0.002615 -0.005808 -0.170375 0.985359
4.766280 0.320590 0.394895 0.043033 0.001107 -0.006731 -0.170024 0.985416
4.774543 0.319173 0.395093 0.042767 -0.001128 -0.004499 -0.166474 0.986035
4.783446 0.317749 0.395184 0.042456 0.001255 -0.005124 -0.168536 0.985681
4.790382 0.316382 0.395064 0.042285 0.001733 -0.006902 -0.170206 0.985383
4.799456 0.314984 0.395259 0.041969 0.002097 -0.007140 -0.170273 0.985369
4.807303 0.313510 0.395405 0.041702 0.001247 -0.005358 -0.167044 0.985934
4.816483 0.312109 0.395229 0.041548 -0.000395 -0.005007 -0.165720 0.986160
4.823776 0.310701 0.395291 0.041255 0.001555 -0.005816 -0.170055 0.985416
4.833542 0.309153 0.395358 0.040971 -0.000590 -0.004258 -0.166708 0.985997
4.841122 0.307668 0.395199 0.040784 -0.000195 -0.004579 -0.168983 0.985608
4.850058 0.306170 0.395111 0.040550 0.000398 -0.004829 -0.172405 0.985014
4.857315 0.304652 0.394954 0.040235 -0.001791 -0.001924 -0.169185 0.985581
4.866259 0.303148 0.394620 0.040003 -0.003343 -0.001777 -0.169467 0.985529
4.874868 0.301602 0.394537 0.039673 -0.002796 -0.001767 -0.171728 0.985139
4.883517 0.300152 0.394300 0.039386 -0.003625 -0.000815 -0.172822 0.984946
4.892143 0.298781 0.394105 0.039126 -0.005281 -0.001418 -0.174406 0.984659
4.898627 0.297381 0.393870 0.038861 -0.005428 -0.000857 -0.173513 0.984816
4.906749 0.296045 0.393736 0.038529 -0.003520 -0.001044 -0.175456 0.984481
4.915223 0.294752 0.393492 0.038226 -0.004661 0.000362 -0.174638 0.984622
4.923873 0.293446 0.393199 0.037951 -0.005444 -0.000329 -0.176032 0.984369
4.932236 0.292069 0.392979 0.037666 -0.005813 -0.001421 -0.176403 0.984300
4.941161 0.290736 0.392791 0.037322 -0.006592 0.000763 -0.174034 0.984717
4.950626 0.289464 0.392362 0.037061 -0.007227 -0.000693 -0.177163 0.984155
4.958791 0.288081 0.391958 0.036762 -0.008859 -0.000021 -0.176354 0.984287
4.966050 0.286702 0.391683 0.036464 -0.006699 -0.000331 -0.179399 0.983754
4.973620 0.285280 0.391408 0.036159 -0.006507 0.001516 -0.177095 0.984171
4.982296 0.283992 0.390916 0.035924 -0.005003 0.001169 -0.178424 0.983940
4.990215 0.282685 0.390593 0.035672 -0.006278 0.001861 -0.177103 0.984170
4.999264 0.281379 0.390252 0.035417 -0.006892 0.001377 -0.179018 0.983821
5.007749 0.280070 0.389750 0.035187 -0.008603 0.001501 -0.177219 0.984133
5.015878 0.278755 0.389512 0.034810 -0.007935 0.002568 -0.175145 0.984507
5.023024 0.277426 0.389009 0.034578 -0.008167 0.002331 -0.174814 0.984565
5.031774 0.276140 0.388634 0.034319 -0.008479 0.001620 -0.176153 0.984325
5.040272 0.274779 0.388143 0.034066 -0.005789 0.001420 -0.178428 0.983935
5.049308 0.273484 0.387575 0.033805 -0.003463 0.001164 -0.179925 0.983674
5.058467 0.272117 0.386928 0.033623 -0.003119 0.001553 -0.180558 0.983558
5.068014 0.270727 0.386511 0.033298 -0.006016 0.003207 -0.179087 0.983810
5.075021 0.269343 0.385916 0.033042 -0.008446 0.003510 -0.179391 0.983735
5.083902 0.267953 0.385163 0.032874 -0.008190 0.004197 -0.179825 0.983656
5.092075 0.266557 0.384398 0.032670 -0.008140 0.004648 -0.180116 0.983601
5.099882 0.265153 0.383653 0.032309 -0.005760 0.005201 -0.181160 0.983423
5.108653 0.263685 0.382869 0.031993 -0.005659 0.006531 -0.179060 0.983800
5.117186 0.262235 0.381925 0.031738 -0.005532 0.006603 -0.179612 0.983700
5.124187 0.260811 0.381021 0.031435 -0.005813 0.006302 -0.179619 0.983699
5.131326 0.259351 0.380097 0.031158 -0.005126 0.006298 -0.179635 0.983700
5.139669 0.257897 0.379159 0.030729 -0.007680 0.007423 -0.175287 0.984459
5.148261 0.256452 0.378102 0.030383 -0.007794 0.006805 -0.174940 0.984525
5.156540 0.254994 0.376950 0.030035 -0.008299 0.006249 -0.175974 0.984340
5.164919 0.253513 0.375837 0.029636 -0.009356 0.006307 -0.175094 0.984487
5.172936 0.252105 0.374673 0.029168 -0.005651 0.005868 -0.176051 0.984347
5.181447 0.250696 0.373546 0.028612 -0.008016 0.007066 -0.174757 0.984554
5.189936 0.249298 0.372209 0.028250 -0.008033 0.007115 -0.172748 0.984908
5.198012 0.247935 0.370911 0.027701 -0.007170 0.006270 -0.174372 0.984634
5.206713 0.246609 0.369825 0.027180 -0.010856 0.005486 -0.172867 0.984870
5.215633 0.245216 0.368442 0.026679 -0.009725 0.005194 -0.171859 0.985060
5.224237 0.243945 0.367290 0.026138 -0.011843 0.003745 -0.172977 0.984848
5.232991 0.242613 0.365834 0.025667 -0.011893 0.003952 -0.170181 0.985333
5.240170 0.241296 0.364595 0.025179 -0.009841 0.002991 -0.171862 0.985067
5.249183 0.240041 0.363325 0.024627 -0.012582 0.003102 -0.168974 0.985535
5.258209 0.238705 0.361829 0.024242 -0.013455 0.002598 -0.167601 0.985760
5.266764 0.237404 0.360512 0.023727 -0.011990 0.001911 -0.167592 0.985782
5.273960 0.236065 0.359160 0.023256 -0.015342 0.002492 -0.164537 0.986248
5.282479 0.234760 0.357791 0.022791 -0.012463 0.001859 -0.163561 0.986453
5.290959 0.233450 0.356442 0.022344 -0.014844 0.000864 -0.164216 0.986312
5.298758 0.232164 0.355089 0.021856 -0.013245 0.000684 -0.161966 0.986707
5.307476 0.230832 0.353646 0.021553 -0.013193 0.000575 -0.160766 0.986904
5.315800 0.229569 0.352284 0.021138 -0.013549 -0.000740 -0.160583 0.986929
5.324221 0.228291 0.350867 0.020801 -0.011946 -0.001089 -0.159778 0.987080
5.332306 0.227008 0.349463 0.020557 -0.012619 -0.001836 -0.158585 0.987263
5.341097 0.225753 0.348145 0.020181 -0.011545 -0.002942 -0.157064 0.987517
5.349323 0.224441 0.346811 0.019900 -0.011593 -0.002753 -0.154776 0.987878
5.357367 0.223135 0.345402 0.019585 -0.009224 -0.003222 -0.152958 0.988184
5.365699 0.221886 0.344100 0.019283 -0.010261 -0.004200 -0.152982 0.988167
5.374701 0.220651 0.342763 0.019001 -0.009795 -0.003646 -0.149732 0.988671
5.382516 0.219392 0.341381 0.018808 -0.008799 -0.004043 -0.148021 0.988937
5.390214 0.218227 0.339958 0.018608 -0.008565 -0.004296 -0.148205 0.988910
5.398623 0.217085 0.338620 0.018372 -0.006517 -0.004943 -0.148866 0.988824
5.406624 0.215974 0.337451 0.018094 -0.007256 -0.004894 -0.148902 0.988813
5.415152 0.214782 0.335855 0.017995 -0.006330 -0.004913 -0.147133 0.989084
5.423662 0.213700 0.334577 0.017773 -0.006918 -0.003683 -0.145277 0.989360
5.432353 0.212559 0.333208 0.017631 -0.006068 -0.004187 -0.145611 0.989314
5.441408 0.211473 0.331872 0.017483 -0.005963 -0.004506 -0.145065 0.989394
5.450324 0.210403 0.330446 0.017356 -0.005043 -0.004493 -0.145118 0.989391
5.456863 0.209294 0.329160 0.017134 -0.002600 -0.003703 -0.142833 0.989736
5.465740 0.208191 0.327692 0.017103 -0.003031 -0.004654 -0.142146 0.989830
5.474658 0.207109 0.326233 0.017015 -0.000679 -0.004202 -0.139823 0.990167
5.483139 0.206050 0.324803 0.016931 -0.001278 -0.004166 -0.138863 0.990302
5.490981 0.204984 0.323407 0.016810 0.001046 -0.005117 -0.139152 0.990257
5.498418 0.203940 0.321978 0.016771 0.002897 -0.004477 -0.137508 0.990486
5.507306 0.202906 0.320649 0.016679 0.002182 -0.004345 -0.135415 0.990777
5.516008 0.201855 0.319081 0.016681 0.004441 -0.004839 -0.136154 0.990666
5.524163 0.200874 0.317633 0.016564 0.004650 -0.004749 -0.134222 0.990929
5.531731 0.199816 0.316194 0.016517 0.005513 -0.003960 -0.132317 0.991184
5.540659 0.198874 0.314669 0.016501 0.005930 -0.005233 -0.133601 0.991004
5.548911 0.197845 0.313245 0.016461 0.006748 -0.004108 -0.130465 0.991421
5.557591 0.196875 0.311597 0.016556 0.006664 -0.004776 -0.130886 0.991364
5.565399 0.195871 0.310228 0.016472 0.008767 -0.004212 -0.129596 0.991519
5.573530 0.194846 0.308722 0.016563 0.008515 -0.003884 -0.127695 0.991769
5.582962 0.193798 0.307183 0.016652 0.011304 -0.003449 -0.126980 0.991835
5.590404 0.192748 0.305669 0.016699 0.009510 -0.003584 -0.124474 0.992171
5.598556 0.191705 0.304102 0.016769 0.012784 -0.003176 -0.125289 0.992033
5.606637 0.190615 0.302621 0.016831 0.010847 -0.003062 -0.122638 0.992388
5.617543 0.189571 0.301005 0.016938 0.014267 -0.001923 -0.121486 0.992489
5.623560 0.188537 0.299512 0.017048 0.011983 -0.002591 -0.120483 0.992640
5.631955 0.187506 0.297911 0.017149 0.016082 -0.001394 -0.118987 0.992765
5.640994 0.186492 0.296227 0.017370 0.016191 -0.001309 -0.118477 0.992824
5.650458 0.185512 0.294694 0.017439 0.014107 -0.001378 -0.115608 0.993194
5.657626 0.184526 0.293076 0.017559 0.017787 -0.001111 -0.115804 0.993112
5.666143 0.183526 0.291485 0.017655 0.016157 -0.001567 -0.113876 0.993362
5.673606 0.182508 0.289789 0.017798 0.018001 -0.001390 -0.113221 0.993406
5.682346 0.181513 0.287979 0.017894 0.018829 -0.001233 -0.110820 0.993661
5.690864 0.180468 0.286250 0.017981 0.017795 -0.002033 -0.109437 0.993832
5.698612 0.179465 0.284566 0.018006 0.019380 -0.001544 -0.106801 0.994090
5.707125 0.178417 0.282715 0.018085 0.018232 -0.002493 -0.104732 0.994330
5.715590 0.177435 0.280908 0.018159 0.019342 -0.002534 -0.102461 0.994546
5.725759 0.176411 0.279080 0.018225 0.020873 -0.002276 -0.100017 0.994764
5.731894 0.175489 0.277303 0.018239 0.018495 -0.002720 -0.098308 0.994981
5.740974 0.174536 0.275500 0.018353 0.019128 -0.002401 -0.095940 0.995201
5.750649 0.173619 0.273698 0.018427 0.017552 -0.002514 -0.094535 0.995364
5.757989 0.172715 0.271972 0.018447 0.017738 -0.002472 -0.094217 0.995391
5.765188 0.171779 0.270209 0.018531 0.017207 -0.001460 -0.091595 0.995647
5.773803 0.170913 0.268335 0.018653 0.015893 -0.002371 -0.091949 0.995634
5.782861 0.170017 0.266763 0.018694 0.013620 -0.001044 -0.086782 0.996134
5.793355 0.169191 0.265055 0.018835 0.015208 -0.001431 -0.087755 0.996025
5.800494 0.168351 0.263338 0.018964 0.015576 -0.001414 -0.085791 0.996190
5.807820 0.167533 0.261848 0.019094 0.013738 -0.000954 -0.084666 0.996314
5.818416 0.166747 0.260187 0.019250 0.013722 -0.001439 -0.084296 0.996345
5.827853 0.165957 0.258503 0.019443 0.016472 -0.002149 -0.084678 0.996270
5.833496 0.165158 0.257102 0.019522 0.014047 -0.001168 -0.079780 0.996713
5.840328 0.164346 0.255301 0.019719 0.016014 -0.001672 -0.080156 0.996652
5.849647 0.163541 0.253671 0.019908 0.016017 -0.002065 -0.079964 0.996667
5.857273 0.162740 0.252107 0.020066 0.014113 -0.001339 -0.076603 0.996961
5.865826 0.161946 0.250647 0.020199 0.015085 -0.001441 -0.075560 0.997026
5.873989 0.161140 0.248975 0.020433 0.015630 -0.001672 -0.075833 0.996997
5.882287 0.160314 0.247364 0.020628 0.017652 -0.000564 -0.072674 0.997199
5.890578 0.159551 0.245815 0.020800 0.016647 -0.001170 -0.071903 0.997272
5.898728 0.158822 0.244297 0.021035 0.016676 -0.002113 -0.071262 0.997316
5.908200 0.158133 0.242860 0.021256 0.017686 -0.002472 -0.070085 0.997381
5.916142 0.157438 0.241488 0.021432 0.019757 -0.001904 -0.067189 0.997543
5.925750 0.156765 0.240018 0.021700 0.022827 -0.002060 -0.065587 0.997584
5.932164 0.156184 0.238867 0.021815 0.025059 -0.003330 -0.065172 0.997554
5.942311 0.155526 0.237485 0.022102 0.024750 -0.003937 -0.064825 0.997582
5.949086 0.155001 0.236289 0.022251 0.025507 -0.004778 -0.063231 0.997662
5.959360 0.154391 0.234863 0.022510 0.027624 -0.005209 -0.062351 0.997658
5.965777 0.153880 0.233710 0.022639 0.027639 -0.004446 -0.059053 0.997862
5.973939 0.153350 0.232413 0.022813 0.027718 -0.004542 -0.058572 0.997888
5.982097 0.152808 0.231095 0.023002 0.029103 -0.004859 -0.057716 0.997897
5.990584 0.152303 0.229856 0.023069 0.031122 -0.005158 -0.058927 0.997764
5.998738 0.151791 0.228633 0.023169 0.030352 -0.005521 -0.057748 0.997855
6.007663 0.151267 0.227411 0.023251 0.029075 -0.005978 -0.057812 0.997886
6.017349 0.150756 0.226197 0.023334 0.030393 -0.006316 -0.057462 0.997865
6.025800 0.150277 0.225019 0.023387 0.029939 -0.005675 -0.054598 0.998043
6.033627 0.149810 0.223821 0.023481 0.029091 -0.005862 -0.053683 0.998117
6.040460 0.149316 0.222484 0.023619 0.027884 -0.006279 -0.053497 0.998159
6.049517 0.148878 0.221321 0.023707 0.027697 -0.006283 -0.052327 0.998226
6.059297 0.148446 0.220142 0.023811 0.027905 -0.006392 -0.051314 0.998272
6.067765 0.148057 0.218974 0.023930 0.027756 -0.006735 -0.050623 0.998309
6.074664 0.147656 0.217892 0.024026 0.027186 -0.006904 -0.049669 0.998372
6.083174 0.147228 0.216719 0.024184 0.025889 -0.007197 -0.048573 0.998458
6.092324 0.146859 0.215641 0.024292 0.025629 -0.008106 -0.048673 0.998453
6.100912 0.146479 0.214639 0.024400 0.025029 -0.008124 -0.047194 0.998539
6.109175 0.146119 0.213541 0.024537 0.025304 -0.008521 -0.045881 0.998590
6.116761 0.145753 0.212529 0.024742 0.025172 -0.008548 -0.044741 0.998645
6.123716 0.145421 0.211534 0.024913 0.024355 -0.008837 -0.043394 0.998722
6.130972 0.145103 0.210590 0.025125 0.024022 -0.008915 -0.042560 0.998765
6.139383 0.144825 0.209695 0.025343 0.024767 -0.009185 -0.042561 0.998745
6.148308 0.144556 0.208714 0.025564 0.026101 -0.009315 -0.041139 0.998769
6.156294 0.144269 0.207769 0.025837 0.026097 -0.009157 -0.040455 0.998798
6.164912 0.144001 0.206941 0.026091 0.026084 -0.009048 -0.039785 0.998827
6.172736 0.143687 0.205963 0.026369 0.025607 -0.008978 -0.038487 0.998891
6.182206 0.143370 0.205101 0.026621 0.025474 -0.008922 -0.037359 0.998937
6.189342 0.143038 0.204250 0.026903 0.026072 -0.008763 -0.036225 0.998965
6.197751 0.142740 0.203410 0.027181 0.027240 -0.008252 -0.034861 0.998987
6.205931 0.142415 0.202545 0.027451 0.028734 -0.008245 -0.033641 0.998987
6.214690 0.142125 0.201841 0.027711 0.029153 -0.007947 -0.032843 0.999004
6.222665 0.141852 0.201081 0.028045 0.028765 -0.007707 -0.031978 0.999045
6.231250 0.141629 0.200514 0.028276 0.029545 -0.007508 -0.031944 0.999025
6.239904 0.141399 0.199850 0.028551 0.030336 -0.007486 -0.030910 0.999034
6.249459 0.141167 0.199197 0.028808 0.031538 -0.007431 -0.030353 0.999014
6.256873 0.140933 0.198633 0.029079 0.032105 -0.007031 -0.029870 0.999013
6.266289 0.140765 0.198081 0.029291 0.032747 -0.006854 -0.028919 0.999022
6.273579 0.140604 0.197567 0.029520 0.032258 -0.006471 -0.027658 0.999076
6.283325 0.140462 0.197079 0.029744 0.032749 -0.006568 -0.028256 0.999043
6.290017 0.140346 0.196615 0.029977 0.033149 -0.006348 -0.027754 0.999045
6.298420 0.140246 0.196141 0.030224 0.031616 -0.006297 -0.026285 0.999135
6.307060 0.140137 0.195737 0.030467 0.032188 -0.005891 -0.025657 0.999135
6.315411 0.140027 0.195389 0.030690 0.032660 -0.005914 -0.025299 0.999129
6.323686 0.139914 0.195011 0.030898 0.033767 -0.005938 -0.024359 0.999115
6.331444 0.139809 0.194697 0.031130 0.033671 -0.005840 -0.023712 0.999135
6.340142 0.139741 0.194404 0.031352 0.034472 -0.005599 -0.023145 0.999122
6.349016 0.139671 0.194188 0.031584 0.034392 -0.005304 -0.022953 0.999131
6.357223 0.139622 0.194030 0.031810 0.034465 -0.005222 -0.022784 0.999133
6.364616 0.139584 0.193900 0.032067 0.034596 -0.005595 -0.023532 0.999109
6.373091 0.139539 0.193871 0.032377 0.034791 -0.005527 -0.023482 0.999103
6.383000 0.139546 0.193985 0.032631 0.035110 -0.005493 -0.023755 0.999086
6.390085 0.139543 0.194063 0.032904 0.034965 -0.005421 -0.023484 0.999098
6.398962 0.139564 0.194131 0.033219 0.034454 -0.004982 -0.023131 0.999126
6.406709 0.139588 0.194148 0.033609 0.032729 -0.004689 -0.022095 0.999209
6.416132 0.139612 0.194415 0.033981 0.032865 -0.004691 -0.022842 0.999188
6.423098 0.139631 0.194632 0.034380 0.033407 -0.003788 -0.020999 0.999214
6.431839 0.139680 0.194909 0.034797 0.032440 -0.003926 -0.022738 0.999207
6.440894 0.139739 0.195394 0.035253 0.032939 -0.003784 -0.023683 0.999170
6.449806 0.139803 0.195892 0.035741 0.031494 -0.004004 -0.025648 0.999167
6.456546 0.139838 0.196430 0.036286 0.032627 -0.003772 -0.026498 0.999109
6.466471 0.139882 0.196914 0.036902 0.032779 -0.002608 -0.025757 0.999127
6.473282 0.139913 0.197553 0.037594 0.031838 -0.002330 -0.027008 0.999125
6.483438 0.139965 0.198291 0.038159 0.031991 -0.001351 -0.026892 0.999125
6.490091 0.139981 0.199023 0.038873 0.033190 -0.001182 -0.029056 0.999026
6.498577 0.139989 0.199736 0.039668 0.030473 -0.000675 -0.029385 0.999103
6.507304 0.140030 0.200492 0.040422 0.031735 -0.001002 -0.031589 0.998997
6.515400 0.140050 0.201228 0.041175 0.032300 -0.000240 -0.031839 0.998971
6.523820 0.140048 0.202052 0.041995 0.031715 0.000366 -0.032256 0.998976
6.531106 0.140069 0.202973 0.042742 0.032078 0.001270 -0.032954 0.998941
6.540181 0.140052 0.203799 0.043600 0.032456 0.001286 -0.034632 0.998872
6.550350 0.140030 0.204635 0.044417 0.031113 0.001483 -0.034602 0.998916
6.557508 0.140015 0.205476 0.045305 0.031626 0.002005 -0.036098 0.998846
6.564778 0.139995 0.206148 0.046324 0.029656 0.002612 -0.036667 0.998884
6.573107 0.139999 0.207020 0.047261 0.029432 0.003710 -0.037092 0.998872
6.582049 0.139962 0.207972 0.048219 0.028152 0.004528 -0.037599 0.998886
6.589965 0.139932 0.208840 0.049214 0.027214 0.004735 -0.040007 0.998818
6.598380 0.139916 0.209655 0.050282 0.027368 0.005807 -0.040815 0.998775
6.606264 0.139925 0.210403 0.051422 0.027456 0.006398 -0.042310 0.998707
6.615012 0.139915 0.211248 0.052553 0.024732 0.007126 -0.042225 0.998777
6.623314 0.139924 0.212211 0.053707 0.022864 0.008828 -0.041693 0.998830
6.632424 0.139854 0.212896 0.055036 0.024910 0.009700 -0.043320 0.998704
6.640177 0.139851 0.213822 0.056268 0.025238 0.009832 -0.046140 0.998568
6.648841 0.139803 0.214763 0.057568 0.024470 0.011095 -0.046036 0.998578
6.656707 0.139764 0.215442 0.059018 0.023164 0.012331 -0.046149 0.998590
6.665874 0.139718 0.216297 0.060391 0.023574 0.013176 -0.047761 0.998494
6.673303 0.139652 0.217035 0.061896 0.024166 0.014580 -0.048962 0.998402
6.682046 0.139645 0.217837 0.063346 0.022631 0.015649 -0.048692 0.998435
6.690512 0.139627 0.218496 0.064914 0.023436 0.017312 -0.048723 0.998387
6.700073 0.139593 0.219303 0.066454 0.024025 0.017864 -0.050084 0.998296
6.707231 0.139598 0.219982 0.067995 0.024071 0.020028 -0.049853 0.998266
6.716476 0.139596 0.220645 0.069647 0.021555 0.020771 -0.051203 0.998240
6.723715 0.139610 0.221293 0.071276 0.023805 0.022302 -0.052327 0.998097
6.731556 0.139589 0.221995 0.072919 0.021984 0.023510 -0.052357 0.998110
6.740446 0.139590 0.222477 0.074643 0.023044 0.024743 -0.054028 0.997967
6.749085 0.139617 0.223293 0.076226 0.021227 0.026498 -0.054466 0.997938
6.756342 0.139672 0.223682 0.078011 0.021515 0.028186 -0.053558 0.997935
6.765784 0.139755 0.224395 0.079656 0.022663 0.029483 -0.055207 0.997782
6.774829 0.139798 0.224845 0.081475 0.022320 0.030533 -0.055081 0.997765
6.781721 0.139898 0.225469 0.083175 0.022055 0.031640 -0.057133 0.997621
6.790461 0.140043 0.225953 0.084900 0.021595 0.033341 -0.055633 0.997661
6.798564 0.140148 0.226508 0.086631 0.023136 0.033995 -0.057948 0.997472
6.806171 0.140294 0.226988 0.088419 0.021035 0.035576 -0.057073 0.997514
6.814833 0.140429 0.227400 0.090150 0.022287 0.037322 -0.057607 0.997392
6.823415 0.140571 0.227715 0.091977 0.020845 0.037529 -0.058858 0.997343
6.832478 0.140703 0.228158 0.093644 0.021340 0.038936 -0.059214 0.997257
6.840300 0.140892 0.228406 0.095465 0.020861 0.040188 -0.059333 0.997211
6.848895 0.141013 0.228844 0.097131 0.020314 0.040942 -0.061304 0.997072
6.856498 0.141200 0.229082 0.098883 0.018399 0.042313 -0.060618 0.997094
6.865999 0.141377 0.229311 0.100613 0.019554 0.043659 -0.061273 0.996974
6.873594 0.141538 0.229597 0.102321 0.017548 0.044356 -0.061188 0.996986
6.883385 0.141771 0.229770 0.104057 0.015488 0.044976 -0.061462 0.996975
6.890250 0.141961 0.229998 0.105780 0.017085 0.046555 -0.061176 0.996894
6.898058 0.142236 0.230284 0.107508 0.013952 0.047532 -0.061936 0.996850
6.906721 0.142494 0.230506 0.109266 0.013656 0.048175 -0.061932 0.996824
6.915207 0.142706 0.230680 0.111040 0.012587 0.049509 -0.061827 0.996779
6.923518 0.142988 0.230890 0.112831 0.012856 0.049762 -0.063144 0.996680
6.931581 0.143265 0.231209 0.114553 0.010742 0.050744 -0.062480 0.996698
6.940223 0.143572 0.231484 0.116324 0.011019 0.051911 -0.063915 0.996543
6.948682 0.143901 0.231718 0.118097 0.010211 0.052630 -0.062651 0.996595
6.958115 0.144201 0.231849 0.119937 0.009651 0.052892 -0.064611 0.996461
6.964776 0.144581 0.232289 0.121575 0.009600 0.054379 -0.064554 0.996385
6.972912 0.144841 0.232322 0.123527 0.009806 0.054828 -0.065708 0.996283
6.981991 0.145247 0.232551 0.125329 0.007454 0.055994 -0.066152 0.996209
6.990546 0.145504 0.232796 0.127139 0.008733 0.056819 -0.066882 0.996103
6.999255 0.145874 0.233137 0.128894 0.007365 0.057797 -0.066608 0.996077
7.006133 0.146174 0.233174 0.130854 0.006327 0.058343 -0.068489 0.995924
7.015350 0.146540 0.233429 0.132689 0.005118 0.059129 -0.068057 0.995915
7.023496 0.146807 0.233619 0.134563 0.004006 0.060879 -0.067396 0.995859
7.031469 0.147185 0.233888 0.136315 0.004409 0.061883 -0.065931 0.995894
7.039135 0.147467 0.233826 0.138336 0.002480 0.062152 -0.067306 0.995792
7.048471 0.147863 0.234084 0.140099 0.003594 0.063479 -0.067055 0.995721
7.056609 0.148209 0.234229 0.142001 0.002466 0.064614 -0.067550 0.995618
7.065841 0.148586 0.234341 0.143824 0.001658 0.064956 -0.067661 0.995590
7.074400 0.148935 0.234289 0.145754 -0.000630 0.065178 -0.068978 0.995487
7.082922 0.149336 0.234266 0.147641 -0.000055 0.066078 -0.068317 0.995473
7.092392 0.149718 0.234356 0.149463 -0.001736 0.068257 -0.066578 0.995442
7.098973 0.150172 0.234290 0.151344 -0.002372 0.068464 -0.067752 0.995348
7.107989 0.150656 0.234287 0.153236 -0.003181 0.069585 -0.067392 0.995292
7.116351 0.151137 0.234278 0.155181 -0.004621 0.069928 -0.068695 0.995173
7.122966 0.151758 0.234418 0.156954 -0.005159 0.070820 -0.068997 0.995087
7.131609 0.152299 0.234305 0.158952 -0.007565 0.072065 -0.068115 0.995043
7.140544 0.152950 0.234370 0.160835 -0.008810 0.073506 -0.067063 0.994998
7.149265 0.153671 0.234436 0.162726 -0.009331 0.074679 -0.067216 0.994896
7.157560 0.154475 0.234580 0.164629 -0.009105 0.075947 -0.068009 0.994748
7.165547 0.155247 0.234551 0.166623 -0.011704 0.076779 -0.069512 0.994553
7.173684 0.156003 0.234495 0.168676 -0.012845 0.077607 -0.070419 0.994411
7.182457 0.156915 0.234702 0.170610 -0.013157 0.079134 -0.069762 0.994333
7.191902 0.157804 0.234778 0.172554 -0.013626 0.080555 -0.069889 0.994204
7.198337 0.158660 0.234737 0.174612 -0.015407 0.082267 -0.070286 0.994009
7.206987 0.159598 0.234906 0.176603 -0.015478 0.083614 -0.071443 0.993813
7.216073 0.160500 0.234873 0.178696 -0.015352 0.085327 -0.070928 0.993707
7.223252 0.161416 0.234905 0.180741 -0.016297 0.087484 -0.070407 0.993541
7.231956 0.162353 0.234968 0.182741 -0.016118 0.088894 -0.071302 0.993355
7.240806 0.163318 0.234919 0.184830 -0.018198 0.091281 -0.069335 0.993242
7.249865 0.164372 0.234790 0.186977 -0.016855 0.092659 -0.070402 0.993063
7.257143 0.165397 0.234872 0.188944 -0.017755 0.093868 -0.070929 0.992896
7.266139 0.166456 0.234947 0.190891 -0.017558 0.095882 -0.070570 0.992733
7.274211 0.167520 0.234839 0.192936 -0.016745 0.097407 -0.072110 0.992488
7.282128 0.168626 0.234849 0.194879 -0.017512 0.098785 -0.071613 0.992374
7.290619 0.169748 0.234674 0.196905 -0.016788 0.100097 -0.071988 0.992228
7.299127 0.170876 0.234629 0.198860 -0.016881 0.101517 -0.072459 0.992048
7.307210 0.171993 0.234498 0.200804 -0.016796 0.103661 -0.071432 0.991902
7.315690 0.173125 0.234393 0.202730 -0.017650 0.105832 -0.069871 0.991769
7.323798 0.174291 0.234279 0.204580 -0.018171 0.106677 -0.070383 0.991633
7.331596 0.175523 0.234002 0.206530 -0.017218 0.108310 -0.071633 0.991384
7.340034 0.176671 0.233873 0.208349 -0.018049 0.109797 -0.071181 0.991238
7.347701 0.177869 0.233565 0.210132 -0.017543 0.112150 -0.069373 0.991112
7.356630 0.179106 0.233344 0.211988 -0.019322 0.114284 -0.067742 0.990948
7.366016 0.180340 0.233164 0.213790 -0.020225 0.115010 -0.069462 0.990726
7.374607 0.181596 0.232826 0.215665 -0.019435 0.116794 -0.069343 0.990542
7.381375 0.182844 0.232634 0.217400 -0.019599 0.118513 -0.069209 0.990344
7.389951 0.184166 0.232330 0.219120 -0.020477 0.121226 -0.066817 0.990162
7.399336 0.185417 0.232146 0.220853 -0.021608 0.122992 -0.065213 0.990027
7.406497 0.186778 0.231858 0.222715 -0.021861 0.124807 -0.066987 0.989676
7.415138 0.188156 0.231872 0.224271 -0.021535 0.126056 -0.067311 0.989503
7.423064 0.189566 0.231721 0.225922 -0.020732 0.127740 -0.066758 0.989341
7.431537 0.190982 0.231596 0.227569 -0.021561 0.129932 -0.065917 0.989094
7.439378 0.192441 0.231473 0.229220 -0.021110 0.130786 -0.067422 0.988890
7.448048 0.194010 0.231561 0.230756 -0.022825 0.132831 -0.065910 0.988681
7.457094 0.195504 0.231457 0.232323 -0.022064 0.133646 -0.066505 0.988549
7.466424 0.197072 0.231416 0.233856 -0.022255 0.135052 -0.067854 0.988262
7.473564 0.198604 0.231339 0.235331 -0.020782 0.136705 -0.066622 0.988150
7.481996 0.200210 0.231470 0.236700 -0.022360 0.138666 -0.066597 0.987844
7.490974 0.201772 0.231320 0.238197 -0.021166 0.139454 -0.068193 0.987651
7.498400 0.203361 0.231374 0.239508 -0.020023 0.141363 -0.067890 0.987424
7.507157 0.204997 0.231271 0.240870 -0.023415 0.142915 -0.066314 0.987233
7.514961 0.206658 0.231102 0.242182 -0.019882 0.143550 -0.068651 0.987059
7.523372 0.208312 0.230998 0.243442 -0.023297 0.145279 -0.066330 0.986890
7.531257 0.210077 0.230794 0.244709 -0.022454 0.145818 -0.067344 0.986761
7.540018 0.211782 0.230750 0.245755 -0.021184 0.146828 -0.067000 0.986663
7.548501 0.213605 0.230524 0.246884 -0.022148 0.148510 -0.065824 0.986469
7.556674 0.215432 0.230430 0.247859 -0.022573 0.147926 -0.068109 0.986392
7.564756 0.217257 0.230213 0.248858 -0.021703 0.149771 -0.067351 0.986185
7.573222 0.219007 0.229845 0.249931 -0.023679 0.149923 -0.067034 0.986138
7.581870 0.220760 0.229545 0.250901 -0.023017 0.151485 -0.067314 0.985896
7.590424 0.222451 0.229233 0.251804 -0.024773 0.152950 -0.066979 0.985650
7.598076 0.224131 0.228930 0.252738 -0.028292 0.154786 -0.063771 0.985482
7.606502 0.225806 0.228345 0.253792 -0.027371 0.155190 -0.066664 0.985253
7.615552 0.227464 0.228024 0.254672 -0.029259 0.156558 -0.066478 0.984994
7.622605 0.229187 0.227729 0.255474 -0.028874 0.158358 -0.064180 0.984871
7.631050 0.230841 0.227239 0.256444 -0.029353 0.159660 -0.063940 0.984662
7.639748 0.232547 0.226817 0.257319 -0.030217 0.159640 -0.065639 0.984527
7.648834 0.234252 0.226532 0.258061 -0.028963 0.161497 -0.064005 0.984369
7.657575 0.235954 0.226123 0.258924 -0.028491 0.162393 -0.062560 0.984329
7.665420 0.237645 0.225666 0.259786 -0.029501 0.162594 -0.063727 0.984191
7.673546 0.239343 0.225304 0.260501 -0.029532 0.164059 -0.063130 0.983985
7.682918 0.241014 0.225095 0.261144 -0.028432 0.165186 -0.062752 0.983853
7.690539 0.242661 0.224702 0.261881 -0.028922 0.166140 -0.061186 0.983777
7.698256 0.244337 0.224154 0.262597 -0.029011 0.167547 -0.061126 0.983540
7.706773 0.246068 0.223841 0.263172 -0.028771 0.168233 -0.060093 0.983493
7.716455 0.247740 0.223491 0.263700 -0.027863 0.168585 -0.061223 0.983389
7.725761 0.249418 0.223167 0.264164 -0.027128 0.169431 -0.061339 0.983257
7.732276 0.251172 0.222849 0.264570 -0.024751 0.170764 -0.059654 0.983193
7.740829 0.252911 0.222312 0.264998 -0.027441 0.171669 -0.058646 0.983025
7.748570 0.254673 0.221962 0.265325 -0.027405 0.171259 -0.058705 0.983094
7.757104 0.256410 0.221494 0.265578 -0.027054 0.171852 -0.059039 0.982980
7.764590 0.258184 0.221132 0.265749 -0.027511 0.172982 -0.057138 0.982881
7.773680 0.259894 0.220674 0.265904 -0.026736 0.173663 -0.057363 0.982769
7.783004 0.261640 0.220270 0.265966 -0.027214 0.174188 -0.056906 0.982690
7.792336 0.263350 0.219837 0.266011 -0.028426 0.174631 -0.054963 0.982688
7.799540 0.265042 0.219330 0.266023 -0.028718 0.174912 -0.055180 0.982617
7.807415 0.266727 0.218956 0.265993 -0.030009 0.175542 -0.053371 0.982566
7.817006 0.268395 0.218475 0.265932 -0.030269 0.175559 -0.054055 0.982518
7.823395 0.270086 0.218032 0.265853 -0.030782 0.175372 -0.054833 0.982492
7.832639 0.271856 0.217618 0.265707 -0.032394 0.175504 -0.052852 0.982525
7.840322 0.273595 0.217298 0.265396 -0.031181 0.175569 -0.053082 0.982540
7.849291 0.275353 0.217021 0.265115 -0.031448 0.175366 -0.053565 0.982542
7.859183 0.277133 0.216626 0.264850 -0.032369 0.175428 -0.052638 0.982551
7.866498 0.278891 0.216462 0.264341 -0.031789 0.175114 -0.053333 0.982588
7.873630 0.280646 0.216134 0.263929 -0.031082 0.174612 -0.053888 0.982670
7.882145 0.282400 0.215879 0.263521 -0.031375 0.174845 -0.053671 0.982631
7.890375 0.284086 0.215568 0.262999 -0.031128 0.174839 -0.053543 0.982647
7.897846 0.285776 0.215261 0.262450 -0.030792 0.175395 -0.051353 0.982676
7.906636 0.287448 0.214931 0.261906 -0.030983 0.175116 -0.052024 0.982684
7.915798 0.289089 0.214523 0.261348 -0.030093 0.174791 -0.052081 0.982767
7.923089 0.290747 0.214143 0.260690 -0.029483 0.174224 -0.052975 0.982838
7.931865 0.292365 0.214038 0.259864 -0.026437 0.172930 -0.056015 0.982985
7.940672 0.293994 0.213646 0.259140 -0.026542 0.172253 -0.055852 0.983110
7.948642 0.295629 0.213366 0.258265 -0.026756 0.173398 -0.051602 0.983135
7.958536 0.297226 0.212901 0.257505 -0.026556 0.172484 -0.051726 0.983295
7.966892 0.298797 0.212667 0.256501 -0.028391 0.170973 -0.052525 0.983465
7.974979 0.300353 0.212173 0.255624 -0.028132 0.170321 -0.051996 0.983614
7.982750 0.301889 0.211751 0.254630 -0.025128 0.169984 -0.052201 0.983742
7.991799 0.303399 0.211270 0.253676 -0.027422 0.168737 -0.052234 0.983894
7.998723 0.304885 0.210894 0.252586 -0.027646 0.168513 -0.051140 0.983984
8.006329 0.306373 0.210520 0.251435 -0.024006 0.167983 -0.051987 0.984125
8.015440 0.307893 0.210225 0.250282 -0.026464 0.166698 -0.051749 0.984293
8.022924 0.309382 0.209741 0.249192 -0.025074 0.165701 -0.051130 0.984531
8.031105 0.310829 0.209440 0.247915 -0.026324 0.165103 -0.049532 0.984680
8.039763 0.312345 0.208953 0.246678 -0.025195 0.164386 -0.049823 0.984815
8.048858 0.313811 0.208547 0.245413 -0.024526 0.162858 -0.050881 0.985031
8.056590 0.315282 0.208153 0.244184 -0.025049 0.161460 -0.051285 0.985228
8.065236 0.316758 0.207877 0.242734 -0.021914 0.160976 -0.051610 0.985364
8.074166 0.318206 0.207521 0.241317 -0.022959 0.159801 -0.050254 0.985602
8.082016 0.319623 0.207122 0.239949 -0.020941 0.158140 -0.052064 0.985821
8.089919 0.321038 0.206865 0.238366 -0.020307 0.157396 -0.051034 0.986007
8.098988 0.322430 0.206579 0.236834 -0.019481 0.155355 -0.051812 0.986307
8.107780 0.323845 0.206064 0.235422 -0.019899 0.154301 -0.050980 0.986507
8.115794 0.325268 0.205934 0.233667 -0.020153 0.153469 -0.048950 0.986735
8.122711 0.326613 0.205546 0.232118 -0.019203 0.150956 -0.051516 0.987010
8.130491 0.327992 0.205254 0.230448 -0.017942 0.150427 -0.050346 0.987175
8.138871 0.329319 0.205107 0.228685 -0.018081 0.148508 -0.050637 0.987448
8.147306 0.330608 0.204656 0.227043 -0.019854 0.147925 -0.048594 0.987604
8.155452 0.331943 0.204529 0.225194 -0.016878 0.146000 -0.050851 0.987833
8.164414 0.333178 0.204144 0.223452 -0.016794 0.145293 -0.049721 0.987996
8.172511 0.334413 0.203879 0.221684 -0.016921 0.142706 -0.051195 0.988295
8.181329 0.335618 0.203828 0.219648 -0.015747 0.141594 -0.050229 0.988524
8.189927 0.336893 0.203237 0.217976 -0.015096 0.139448 -0.051331 0.988783
8.198291 0.338112 0.203231 0.215902 -0.013172 0.138590 -0.050288 0.988985
8.206633 0.339303 0.202911 0.213972 -0.011930 0.135268 -0.053484 0.989293
8.215072 0.340581 0.202753 0.211962 -0.011977 0.134600 -0.049988 0.989566
8.223512 0.341831 0.202595 0.209849 -0.012152 0.130869 -0.053912 0.989858
8.232724 0.343073 0.202665 0.207554 -0.010206 0.129411 -0.053276 0.990106
8.239515 0.344389 0.202326 0.205513 -0.011869 0.127429 -0.052377 0.990393
8.248427 0.345660 0.202258 0.203228 -0.010133 0.125441 -0.054151 0.990570
8.256833 0.346854 0.202052 0.200977 -0.009072 0.123883 -0.054180 0.990775
8.265260 0.348207 0.201776 0.198727 -0.010998 0.120854 -0.054217 0.991128
8.273028 0.349400 0.201620 0.196417 -0.010121 0.119677 -0.054880 0.991243
8.282006 0.350566 0.201466 0.194068 -0.010424 0.117076 -0.056019 0.991487
8.292436 0.351730 0.201279 0.191639 -0.008938 0.114641 -0.057166 0.991721
8.299082 0.352810 0.200838 0.189431 -0.012123 0.112691 -0.055579 0.992000
8.306244 0.353886 0.200650 0.187008 -0.011617 0.110958 -0.055363 0.992214
8.316784 0.354898 0.200206 0.184779 -0.010802 0.107757 -0.057167 0.992473
8.323481 0.355879 0.200068 0.182359 -0.009483 0.105926 -0.058361 0.992615
8.331521 0.356746 0.199598 0.180112 -0.010960 0.103701 -0.057865 0.992863
8.339875 0.357663 0.199287 0.177714 -0.010815 0.102723 -0.055202 0.993118
8.348067 0.358573 0.198722 0.175510 -0.013272 0.100410 -0.052863 0.993452
8.356522 0.359396 0.198311 0.173178 -0.013624 0.098008 -0.052179 0.993723
8.364314 0.360201 0.197826 0.170870 -0.011499 0.095215 -0.052698 0.993994
8.372880 0.360947 0.197233 0.168688 -0.011135 0.091441 -0.055107 0.994222
8.381922 0.361718 0.196907 0.166313 -0.011202 0.089333 -0.053472 0.994502
8.389950 0.362437 0.196388 0.164080 -0.011298 0.087277 -0.052552 0.994733
8.397959 0.363073 0.195823 0.161904 -0.012114 0.084593 -0.052606 0.994952
8.406676 0.363764 0.195180 0.159717 -0.011494 0.083541 -0.050357 0.995165
8.415070 0.364344 0.194649 0.157540 -0.012975 0.081062 -0.049357 0.995402
8.423336 0.364889 0.194079 0.155391 -0.013092 0.078124 -0.050355 0.995585
8.431292 0.365471 0.193451 0.153260 -0.013760 0.077779 -0.047404 0.995748
8.439442 0.365992 0.192960 0.151153 -0.013133 0.075053 -0.047997 0.995937
8.448520 0.366551 0.192560 0.148913 -0.009190 0.073566 -0.048331 0.996076
8.455908 0.367135 0.191993 0.146946 -0.011050 0.071359 -0.046104 0.996323
8.465572 0.367679 0.191419 0.144858 -0.008608 0.069342 -0.046227 0.996484
8.472942 0.368239 0.190909 0.142910 -0.010742 0.066219 -0.045884 0.996692
8.481735 0.368855 0.190396 0.140878 -0.007887 0.064590 -0.047081 0.996769
8.489536 0.369397 0.190031 0.138908 -0.008003 0.062251 -0.046319 0.996953
8.498053 0.369999 0.189510 0.136955 -0.008536 0.059991 -0.046047 0.997100
8.506634 0.370529 0.189082 0.135128 -0.007999 0.057921 -0.046509 0.997205
8.516214 0.371107 0.188612 0.133282 -0.010674 0.055775 -0.044683 0.997386
8.524713 0.371599 0.188354 0.131415 -0.009454 0.054251 -0.044546 0.997488
8.531517 0.372059 0.187882 0.129695 -0.009690 0.052152 -0.045027 0.997576
8.540016 0.372550 0.187364 0.128000 -0.011059 0.049847 -0.044487 0.997704
8.549525 0.372996 0.186941 0.126379 -0.010030 0.047983 -0.044621 0.997801
8.557620 0.373400 0.186436 0.124791 -0.007553 0.046664 -0.044602 0.997886
8.565485 0.373796 0.186126 0.123196 -0.007805 0.043865 -0.046925 0.997904
8.573815 0.374211 0.185647 0.121766 -0.008235 0.043243 -0.043986 0.998062
8.583266 0.374575 0.185161 0.120332 -0.008975 0.042011 -0.043991 0.998108
8.593467 0.374866 0.184666 0.118947 -0.008494 0.041092 -0.042352 0.998221
8.599742 0.375137 0.184387 0.117492 -0.008146 0.037904 -0.044498 0.998257
8.608337 0.375334 0.183799 0.116229 -0.003932 0.037488 -0.045273 0.998263
8.616092 0.375570 0.183346 0.114961 -0.005146 0.036712 -0.044226 0.998334
8.624415 0.375763 0.182932 0.113740 -0.004894 0.034356 -0.046620 0.998310
8.631453 0.375846 0.182355 0.112600 -0.005392 0.033158 -0.045368 0.998405
8.639381 0.375928 0.181914 0.111502 -0.006742 0.033007 -0.042941 0.998509
8.649199 0.376001 0.181437 0.110431 -0.007323 0.032642 -0.042417 0.998540
8.656315 0.375987 0.180833 0.109418 -0.005597 0.030659 -0.044244 0.998535
8.665656 0.375957 0.180319 0.108460 -0.005021 0.030496 -0.042257 0.998629
8.672722 0.375916 0.179769 0.107545 -0.004406 0.029322 -0.042870 0.998641
8.680916 0.375833 0.179303 0.106684 -0.006256 0.028246 -0.041198 0.998732
8.689754 0.375751 0.178751 0.105833 -0.002548 0.028719 -0.040722 0.998755
8.698101 0.375677 0.178269 0.104997 -0.003359 0.026762 -0.041125 0.998790
8.707722 0.375556 0.177681 0.104293 -0.005267 0.024765 -0.041980 0.998798
8.716380 0.375495 0.177138 0.103576 -0.003216 0.025718 -0.039251 0.998893
8.724951 0.375309 0.176858 0.102799 -0.006009 0.024054 -0.038915 0.998935
8.732980 0.375190 0.176330 0.102127 -0.003461 0.023688 -0.040137 0.998907
8.741734 0.375074 0.175794 0.101592 -0.004454 0.022590 -0.040452 0.998916
8.748848 0.374945 0.175296 0.100985 -0.004568 0.023685 -0.037158 0.999018
8.758413 0.374722 0.175096 0.100380 -0.005714 0.021808 -0.038585 0.999001
8.764723 0.374631 0.174487 0.099921 -0.004831 0.021383 -0.038359 0.999024
8.774268 0.374463 0.174142 0.099389 -0.002783 0.021225 -0.039926 0.998973
8.783952 0.374303 0.173867 0.098878 -0.004813 0.020522 -0.038348 0.999042
8.793243 0.374152 0.173458 0.098395 -0.006184 0.020500 -0.037520 0.999066
8.798477 0.373995 0.173112 0.097991 -0.005930 0.020202 -0.037563 0.999073
8.808533 0.373903 0.172566 0.097616 -0.006248 0.019846 -0.037278 0.999088
8.815920 0.373687 0.172296 0.097186 -0.005981 0.018408 -0.039940 0.999015
8.824665 0.373520 0.172085 0.096769 -0.006202 0.017879 -0.039986 0.999021
8.832433 0.373304 0.171834 0.096404 -0.008382 0.018382 -0.037350 0.999098
8.839561 0.373201 0.171347 0.096043 -0.007298 0.017671 -0.038113 0.999091
8.849246 0.373061 0.170965 0.095794 -0.006613 0.017060 -0.039154 0.999066
8.856352 0.372835 0.170777 0.095451 -0.007233 0.015520 -0.041115 0.999008
8.866290 0.372704 0.170382 0.095231 -0.006647 0.015043 -0.041263 0.999013
8.873124 0.372548 0.170002 0.094911 -0.007228 0.015553 -0.039168 0.999085
8.881337 0.372378 0.169736 0.094629 -0.008348 0.015445 -0.038347 0.999110
8.889756 0.372232 0.169420 0.094420 -0.008675 0.015511 -0.037389 0.999143
8.898531 0.372051 0.169166 0.094208 -0.009809 0.013712 -0.038664 0.999110
8.906247 0.371929 0.168737 0.094078 -0.009553 0.013224 -0.039939 0.999069
8.914558 0.371787 0.168465 0.093878 -0.007096 0.013128 -0.040971 0.999049
8.923471 0.371631 0.168135 0.093685 -0.009282 0.013766 -0.037882 0.999144
8.931197 0.371482 0.167802 0.093532 -0.008308 0.013678 -0.038225 0.999141
8.939782 0.371339 0.167478 0.093396 -0.009207 0.013167 -0.038826 0.999117
8.947645 0.371173 0.167320 0.093204 -0.011655 0.012069 -0.038639 0.999112
8.956360 0.371104 0.166902 0.093122 -0.011471 0.011944 -0.037902 0.999144
8.965911 0.371022 0.166507 0.093023 -0.010564 0.011876 -0.037012 0.999188
8.974697 0.370935 0.166203 0.092952 -0.010858 0.011500 -0.037721 0.999163
8.981114 0.370854 0.165835 0.092912 -0.010962 0.011516 -0.037578 0.999167
8.991105 0.370786 0.165496 0.092886 -0.010419 0.011246 -0.039187 0.999114
8.998537 0.370654 0.165381 0.092776 -0.008930 0.011459 -0.039989 0.999094
9.007600 0.370565 0.165070 0.092775 -0.008170 0.011516 -0.039585 0.999116
9.015038 0.370440 0.164820 0.092739 -0.009083 0.012561 -0.037086 0.999192
9.024230 0.370324 0.164525 0.092764 -0.009822 0.012841 -0.036726 0.999195
9.031147 0.370173 0.164170 0.092805 -0.009432 0.013310 -0.036542 0.999199
9.039336 0.369935 0.163802 0.092776 -0.011094 0.012438 -0.036590 0.999191
9.047530 0.369659 0.163368 0.092787 -0.009704 0.012476 -0.036076 0.999224
9.055810 0.369265 0.162978 0.092794 -0.009008 0.012176 -0.034604 0.999286
9.064718 0.368928 0.162812 0.092621 -0.009042 0.013785 -0.032130 0.999348
9.072613 0.368727 0.162486 0.092620 -0.009900 0.013755 -0.032519 0.999327
9.081832 0.368566 0.162448 0.092525 -0.011794 0.012714 -0.033256 0.999296
9.089533 0.368394 0.162143 0.092518 -0.010735 0.012785 -0.033036 0.999315
9.097106 0.368177 0.161982 0.092478 -0.010690 0.012129 -0.032587 0.999338
9.105635 0.367866 0.161813 0.092428 -0.010967 0.013441 -0.029619 0.999411
9.114064 0.367621 0.161703 0.092291 -0.012360 0.014313 -0.027644 0.999439
9.121950 0.367415 0.161566 0.092215 -0.010447 0.013968 -0.030536 0.999381
9.130457 0.367256 0.161402 0.092191 -0.010236 0.013495 -0.032207 0.999338
9.139002 0.367098 0.161465 0.092099 -0.011891 0.012719 -0.032957 0.999305
9.147134 0.366946 0.161313 0.092049 -0.011667 0.012583 -0.033335 0.999297
9.157274 0.366760 0.161372 0.091867 -0.012282 0.011584 -0.033201 0.999306
9.164353 0.366586 0.161279 0.091772 -0.012728 0.012467 -0.030659 0.999371
9.173050 0.366433 0.161229 0.091605 -0.013499 0.013049 -0.028323 0.999423
9.182161 0.366334 0.160916 0.091499 -0.013720 0.012282 -0.029997 0.999380
9.190289 0.366192 0.160793 0.091371 -0.011591 0.011995 -0.031858 0.999353
9.197865 0.366085 0.160614 0.091229 -0.011331 0.011176 -0.031388 0.999381
9.207578 0.366019 0.160322 0.091083 -0.009898 0.010900 -0.030679 0.999421
9.215756 0.365909 0.160174 0.090924 -0.010896 0.009746 -0.030888 0.999416
9.223261 0.365767 0.160029 0.090780 -0.011755 0.009514 -0.029695 0.999445
9.230879 0.365643 0.159884 0.090590 -0.012715 0.009213 -0.028650 0.999466
9.240544 0.365516 0.159664 0.090422 -0.012617 0.009538 -0.026894 0.999513
9.250375 0.365448 0.159350 0.090285 -0.011900 0.010062 -0.025187 0.999561
9.256176 0.365348 0.159320 0.090098 -0.013066 0.008886 -0.025670 0.999546
9.265022 0.365311 0.158993 0.089985 -0.013197 0.008328 -0.025536 0.999552
9.273933 0.365204 0.158898 0.089784 -0.014076 0.007076 -0.025515 0.999550
9.281646 0.365120 0.158627 0.089679 -0.012393 0.006842 -0.024374 0.999603
9.290235 0.365040 0.158439 0.089528 -0.012382 0.006654 -0.023870 0.999616
9.297439 0.364927 0.158360 0.089340 -0.012867 0.006174 -0.024328 0.999602
9.305846 0.364805 0.158111 0.089204 -0.010637 0.006096 -0.025284 0.999605
9.314280 0.364717 0.157992 0.089082 -0.013098 0.004832 -0.025080 0.999588
9.322798 0.364616 0.157743 0.088976 -0.010604 0.004650 -0.024645 0.999629
9.331277 0.364518 0.157570 0.088880 -0.010719 0.004551 -0.023807 0.999649
9.340117 0.364355 0.157542 0.088677 -0.013320 0.004857 -0.020726 0.999685
9.347398 0.364233 0.157334 0.088603 -0.013624 0.004977 -0.019779 0.999699
9.356647 0.364086 0.156993 0.088563 -0.014184 0.004878 -0.019137 0.999704
9.365390 0.363898 0.156674 0.088500 -0.013304 0.004391 -0.018933 0.999723
9.373959 0.363708 0.156442 0.088467 -0.013180 0.004354 -0.018268 0.999737
9.380828 0.363491 0.156350 0.088402 -0.014424 0.003117 -0.018757 0.999715
9.391304 0.363355 0.155907 0.088461 -0.011690 0.004536 -0.017562 0.999767
9.398703 0.363090 0.155802 0.088396 -0.010621 0.004710 -0.017839 0.999773
9.406905 0.362874 0.155372 0.088430 -0.011600 0.004685 -0.016976 0.999778
9.415159 0.362627 0.155047 0.088437 -0.011513 0.004569 -0.016895 0.999781
9.425773 0.362409 0.154792 0.088439 -0.012390 0.004768 -0.016015 0.999784
9.432285 0.362209 0.154536 0.088457 -0.012961 0.004940 -0.015333 0.999786
9.439806 0.361944 0.154329 0.088494 -0.015347 0.005214 -0.012988 0.999784
9.449817 0.361726 0.154037 0.088536 -0.015471 0.005661 -0.011500 0.999798
9.455639 0.361516 0.153624 0.088621 -0.012744 0.005721 -0.011662 0.999834
9.464182 0.361251 0.153388 0.088589 -0.012788 0.004830 -0.011780 0.999837
9.473206 0.361012 0.153232 0.088569 -0.010687 0.004687 -0.013365 0.999843
9.482292 0.360822 0.152994 0.088630 -0.011863 0.004880 -0.012015 0.999846
9.489408 0.360654 0.152693 0.088683 -0.012522 0.004986 -0.011165 0.999847
9.497810 0.360442 0.152404 0.088740 -0.013656 0.006017 -0.007869 0.999858
9.507056 0.360199 0.152260 0.088742 -0.014871 0.005958 -0.005942 0.999854
9.514928 0.360025 0.151968 0.088808 -0.014343 0.006075 -0.004800 0.999867
9.523503 0.359831 0.151746 0.088832 -0.013670 0.005431 -0.006238 0.999872
9.531015 0.359624 0.151531 0.088847 -0.012923 0.004592 -0.006556 0.999884
9.539283 0.359479 0.151339 0.088892 -0.012211 0.004253 -0.007071 0.999891
9.548145 0.359364 0.151196 0.088933 -0.011700 0.004001 -0.007181 0.999898
9.556480 0.359256 0.151076 0.089003 -0.011478 0.003940 -0.006923 0.999902
9.564156 0.359116 0.151006 0.089144 -0.009039 0.004493 -0.007469 0.999921
9.572536 0.359036 0.150931 0.089294 -0.009555 0.004698 -0.006814 0.999920
9.580900 0.358969 0.150965 0.089419 -0.009381 0.004749 -0.006953 0.999921
9.589205 0.358881 0.150908 0.089650 -0.008868 0.004692 -0.006803 0.999927
9.597524 0.358779 0.150921 0.089871 -0.007974 0.004689 -0.006918 0.999933
9.607211 0.358655 0.150842 0.090122 -0.006206 0.005196 -0.005237 0.999954
9.614188 0.358486 0.150796 0.090343 -0.005839 0.006362 -0.002778 0.999959
9.622690 0.358348 0.150813 0.090555 -0.006073 0.006569 -0.002454 0.999957
9.631113 0.358223 0.150810 0.090738 -0.006291 0.007217 -0.001262 0.999953
9.639310 0.358129 0.150619 0.091020 -0.006238 0.006559 -0.003019 0.999955
9.648456 0.358033 0.150593 0.091226 -0.005972 0.006832 -0.003155 0.999954
9.655648 0.357964 0.150671 0.091369 -0.006390 0.007613 -0.001306 0.999950
9.664267 0.357919 0.150631 0.091513 -0.007005 0.007923 -0.001199 0.999943
9.672106 0.357893 0.150642 0.091618 -0.006952 0.008189 -0.001235 0.999942
9.680712 0.357869 0.150669 0.091702 -0.006620 0.008414 -0.001324 0.999942
9.689198 0.357804 0.150555 0.091860 -0.005154 0.009041 -0.000581 0.999946
9.698178 0.357770 0.150546 0.091896 -0.005141 0.009154 -0.000394 0.999945
9.706158 0.357738 0.150501 0.091920 -0.004933 0.009226 -0.000074 0.999945
9.715268 0.357706 0.150469 0.091933 -0.004897 0.009121 0.000002 0.999946
9.722790 0.357690 0.150456 0.091928 -0.004628 0.009136 0.000228 0.999948
9.732384 0.357673 0.150414 0.091933 -0.004552 0.009163 0.000377 0.999948
9.740249 0.357674 0.150431 0.091930 -0.004499 0.009059 0.000271 0.999949
9.748503 0.357664 0.150416 0.091941 -0.004327 0.009019 0.000201 0.999950
9.757969 0.357664 0.150418 0.091942 -0.004305 0.009009 0.000284 0.999950
9.765100 0.357654 0.150398 0.091966 -0.004098 0.008931 0.000236 0.999952
9.774744 0.357628 0.150369 0.091995 -0.004007 0.008951 0.000405 0.999952
9.782140 0.357602 0.150347 0.092028 -0.003724 0.008900 0.000448 0.999953
9.791278 0.357564 0.150293 0.092076 -0.003444 0.008778 0.000378 0.999956
9.797471 0.357531 0.150261 0.092111 -0.003302 0.008712 0.000535 0.999956
9.805784 0.357466 0.150270 0.092167 -0.003743 0.008344 0.000045 0.999958
9.814515 0.357418 0.150236 0.092214 -0.003489 0.008300 0.000130 0.999959
9.824479 0.357371 0.150135 0.092319 -0.002829 0.007371 -0.001719 0.999967
9.832253 0.357333 0.150124 0.092378 -0.002579 0.007253 -0.001820 0.999969
9.841112 0.357285 0.150074 0.092463 -0.003209 0.007217 -0.001356 0.999968
9.848975 0.357226 0.150077 0.092515 -0.003114 0.007126 -0.001177 0.999969
9.857315 0.357154 0.150068 0.092597 -0.002622 0.007044 -0.001322 0.999971
9.865364 0.357085 0.150092 0.092656 -0.002606 0.007427 0.000093 0.999969
9.875014 0.357027 0.150058 0.092726 -0.002470 0.007380 0.000229 0.999970
9.881585 0.356956 0.149963 0.092838 -0.002313 0.007642 0.000860 0.999968
9.892108 0.356841 0.150085 0.092830 -0.003982 0.006628 0.000238 0.999970
9.898703 0.356793 0.149975 0.092903 -0.002781 0.006916 0.000946 0.999972
9.907083 0.356752 0.149994 0.092870 -0.002850 0.006808 0.000855 0.999972
9.916120 0.356750 0.150057 0.092830 -0.003972 0.006527 0.000295 0.999971
9.923199 0.356752 0.150058 0.092824 -0.004108 0.006517 0.000157 0.999970
9.932851 0.356743 0.149974 0.092855 -0.002923 0.006826 0.000625 0.999972
9.940261 0.356736 0.149980 0.092856 -0.002867 0.006779 0.000565 0.999973
9.947904 0.356715 0.149957 0.092861 -0.002772 0.006787 0.000560 0.999973
9.958662 0.356692 0.149929 0.092855 -0.002497 0.006793 0.000645 0.999974
9.964514 0.356686 0.149922 0.092854 -0.002577 0.006775 0.000703 0.999974
9.973111 0.356689 0.149912 0.092851 -0.002529 0.006785 0.000732 0.999974
9.980976 0.356704 0.149938 0.092837 -0.002786 0.006747 0.000587 0.999973
9.989903 0.356720 0.149938 0.092836 -0.002701 0.006773 0.000604 0.999973
9.998276 0.356730 0.149930 0.092836 -0.002718 0.006741 0.000422 0.999974
10.007754 0.356740 0.150008 0.092801 -0.004017 0.006481 0.000116 0.999971
10.014754 0.356738 0.149989 0.092798 -0.003879 0.006457 0.000095 0.999972
10.024266 0.356732 0.150018 0.092763 -0.004641 0.005847 -0.000138 0.999972
10.030548 0.356739 0.150007 0.092773 -0.004656 0.005882 -0.000018 0.999972
10.039339 0.356739 0.149955 0.092805 -0.003297 0.006137 0.000275 0.999976
10.049141 0.356770 0.149984 0.092821 -0.004234 0.006427 0.000171 0.999970
10.056527 0.356793 0.149936 0.092868 -0.003875 0.006572 0.000089 0.999971
10.064770 0.356792 0.149934 0.092875 -0.003832 0.006567 0.000112 0.999971
10.072214 0.356757 0.149905 0.092885 -0.002915 0.006702 0.000663 0.999973
10.080983 0.356760 0.149846 0.092936 -0.002619 0.006872 0.000767 0.999973
10.089350 0.356730 0.149895 0.092911 -0.002922 0.006714 0.000792 0.999973
10.098920 0.356725 0.149878 0.092927 -0.002700 0.006715 0.000747 0.999974
10.106452 0.356730 0.149891 0.092917 -0.002742 0.006748 0.000773 0.999973
10.114564 0.356735 0.149886 0.092918 -0.002897 0.006749 0.000893 0.999973
10.122538 0.356744 0.149897 0.092907 -0.002781 0.006775 0.000790 0.999973
10.133366 0.356767 0.149840 0.092940 -0.002633 0.006841 0.000844 0.999973
10.142052 0.356762 0.149844 0.092956 -0.002586 0.006853 0.000757 0.999973
10.147192 0.356759 0.149850 0.092951 -0.002611 0.006878 0.000867 0.999973
10.155968 0.356768 0.149837 0.092949 -0.002525 0.006904 0.000917 0.999973
10.164164 0.356771 0.149846 0.092950 -0.002586 0.006818 0.000770 0.999973
10.172705 0.356813 0.149765 0.093001 -0.002185 0.007099 0.000833 0.999972
10.180590 0.356795 0.149844 0.092961 -0.002640 0.006860 0.000822 0.999973
10.191296 0.356865 0.149668 0.093021 -0.001031 0.007837 0.001524 0.999968
10.197139 0.356875 0.149654 0.093024 -0.001066 0.007842 0.001606 0.999967
10.206552 0.356881 0.149740 0.092990 -0.002054 0.007556 0.001023 0.999969
10.215079 0.356849 0.149845 0.092956 -0.003488 0.006705 0.000288 0.999971
10.224014 0.356820 0.149906 0.092918 -0.003801 0.006514 0.000261 0.999972
10.230489 0.356844 0.149771 0.092981 -0.002424 0.006968 0.000748 0.999973
10.238890 0.356855 0.149857 0.092939 -0.003551 0.006654 0.000165 0.999972
10.247797 0.356883 0.149738 0.092975 -0.002185 0.007499 0.001022 0.999969
10.256519 0.356854 0.149808 0.092922 -0.002299 0.007368 0.000922 0.999970
10.264760 0.356815 0.149912 0.092896 -0.003860 0.006567 0.000268 0.999971
10.272823 0.356809 0.149897 0.092898 -0.003822 0.006577 0.000340 0.999971
10.282096 0.356804 0.149893 0.092899 -0.003822 0.006542 0.000323 0.999971
10.290106 0.356799 0.149887 0.092903 -0.004002 0.006545 0.000297 0.999971
10.298443 0.356802 0.149910 0.092906 -0.003872 0.006602 0.000346 0.999971
10.306696 0.356829 0.149843 0.092948 -0.003627 0.006715 0.000244 0.999971
10.316031 0.356834 0.149838 0.092950 -0.003517 0.006674 0.000160 0.999972
10.322764 0.356804 0.149906 0.092911 -0.003964 0.006579 0.000356 0.999970
10.331850 0.356796 0.149834 0.092942 -0.002964 0.006868 0.000906 0.999972
10.341123 0.356808 0.149918 0.092904 -0.003797 0.006541 0.000257 0.999971
10.348076 0.356806 0.149907 0.092899 -0.003852 0.006611 0.000346 0.999971
10.356691 0.356846 0.149856 0.092931 -0.003534 0.006683 0.000213 0.999971
10.365155 0.356855 0.149815 0.092923 -0.002569 0.007333 0.001067 0.999969
10.373587 0.356886 0.149746 0.092961 -0.002234 0.007538 0.001049 0.999969
10.381259 0.356885 0.149748 0.092963 -0.002099 0.007526 0.001062 0.999969
10.392391 0.356822 0.149909 0.092895 -0.003797 0.006529 0.000207 0.999971
10.398986 0.356847 0.149857 0.092928 -0.003624 0.006675 0.000295 0.999971
10.407544 0.356840 0.149849 0.092930 -0.003518 0.006687 0.000244 0.999972
10.415082 0.356838 0.149853 0.092928 -0.003488 0.006685 0.000184 0.999972
10.425522 0.356808 0.149905 0.092899 -0.003866 0.006549 0.000198 0.999971
10.431873 0.356805 0.149905 0.092897 -0.003886 0.006586 0.000327 0.999971
10.440259 0.356802 0.149905 0.092902 -0.003785 0.006566 0.000222 0.999971
10.447578 0.356821 0.149740 0.092962 -0.001358 0.007661 0.001555 0.999969
10.456862 0.356799 0.149906 0.092910 -0.004014 0.006587 0.000374 0.999970
10.465630 0.356829 0.149840 0.092947 -0.003598 0.006676 0.000275 0.999971
10.473559 0.356807 0.149916 0.092909 -0.003823 0.006587 0.000261 0.999971
10.481759 0.356811 0.149923 0.092902 -0.004019 0.006565 0.000328 0.999970
10.489113 0.356846 0.149824 0.092931 -0.002560 0.007385 0.001095 0.999969
10.497741 0.356822 0.149927 0.092893 -0.003813 0.006590 0.000258 0.999971
10.506736 0.356819 0.149918 0.092888 -0.003891 0.006537 0.000199 0.999971
10.515488 0.356821 0.149916 0.092893 -0.003850 0.006534 0.000256 0.999971
10.524990 0.356848 0.149842 0.092929 -0.003622 0.006678 0.000213 0.999971
10.531263 0.356878 0.149745 0.092962 -0.002155 0.007553 0.001115 0.999969
10.539983 0.356844 0.149865 0.092929 -0.003608 0.006657 0.000191 0.999971
10.547276 0.356840 0.149868 0.092933 -0.003487 0.006660 0.000193 0.999972
10.556293 0.356809 0.149932 0.092903 -0.003873 0.006536 0.000236 0.999971
10.564323 0.356794 0.149858 0.092932 -0.002722 0.006828 0.000725 0.999973
10.572880 0.356791 0.149849 0.092933 -0.002781 0.006835 0.000800 0.999972
10.582029 0.356795 0.149922 0.092902 -0.003901 0.006535 0.000313 0.999971
10.590647 0.356791 0.149844 0.092933 -0.002742 0.006894 0.000897 0.999972
10.597155 0.356800 0.149916 0.092902 -0.003656 0.006606 0.000352 0.999972
10.608301 0.356803 0.149917 0.092902 -0.003903 0.006564 0.000360 0.999971
10.615108 0.356802 0.149841 0.092938 -0.002779 0.006880 0.000858 0.999972
10.627667 0.356815 0.149930 0.092900 -0.003938 0.006574 0.000344 0.999971
10.630757 0.356815 0.149923 0.092901 -0.003809 0.006546 0.000241 0.999971
10.639449 0.356849 0.149866 0.092935 -0.003633 0.006671 0.000304 0.999971
10.648380 0.356823 0.149924 0.092894 -0.003923 0.006559 0.000285 0.999971
10.659184 0.356853 0.149855 0.092931 -0.003561 0.006657 0.000191 0.999972
10.665345 0.356853 0.149851 0.092931 -0.003572 0.006702 0.000285 0.999971
10.672009 0.356880 0.149741 0.092966 -0.002154 0.007581 0.001115 0.999968
10.680340 0.356845 0.149837 0.092937 -0.003679 0.006665 0.000289 0.999971
10.689801 0.356812 0.149901 0.092908 -0.003783 0.006554 0.000241 0.999971
10.697906 0.356834 0.149838 0.092951 -0.003610 0.006674 0.000275 0.999971
10.707020 0.356832 0.149836 0.092956 -0.003619 0.006674 0.000276 0.999971
10.716042 0.356859 0.149749 0.092983 -0.002098 0.007513 0.000959 0.999969
10.723962 0.356801 0.149922 0.092911 -0.003902 0.006588 0.000323 0.999971
10.731708 0.356792 0.149836 0.092947 -0.002801 0.006865 0.000801 0.999972
10.739856 0.356804 0.149902 0.092913 -0.003930 0.006541 0.000284 0.999971
10.747336 0.356864 0.149730 0.092978 -0.002158 0.007506 0.001062 0.999969
10.758009 0.356838 0.149834 0.092942 -0.003524 0.006699 0.000236 0.999971
10.764764 0.356842 0.149833 0.092937 -0.003622 0.006749 0.000396 0.999971
10.773624 0.356838 0.149760 0.092977 -0.002575 0.007028 0.000823 0.999972
10.781990 0.356823 0.149915 0.092904 -0.003897 0.006538 0.000256 0.999971
10.792446 0.356881 0.149750 0.092969 -0.002017 0.007515 0.000964 0.999969
10.797737 0.356881 0.149751 0.092975 -0.002099 0.007547 0.001076 0.999969
10.807303 0.356819 0.149908 0.092907 -0.003903 0.006528 0.000253 0.999971
10.813802 0.356833 0.149762 0.092977 -0.002346 0.007002 0.000730 0.999972
10.824725 0.356869 0.149734 0.092976 -0.002175 0.007536 0.001126 0.999969
10.833050 0.356834 0.149832 0.092944 -0.003574 0.006713 0.000325 0.999971
10.842032 0.356796 0.149841 0.092940 -0.002719 0.006861 0.000767 0.999972
10.850463 0.356820 0.149750 0.092994 -0.002589 0.007013 0.000853 0.999972
10.857020 0.356799 0.149912 0.092914 -0.003984 0.006555 0.000375 0.999970
10.865120 0.356789 0.149844 0.092943 -0.002775 0.006904 0.000834 0.999972
10.873062 0.356792 0.149839 0.092945 -0.002669 0.006871 0.000822 0.999973
10.881706 0.356795 0.149840 0.092941 -0.002789 0.006915 0.000936 0.999972
10.891678 0.356807 0.149909 0.092908 -0.003898 0.006567 0.000342 0.999971
10.899935 0.356814 0.149916 0.092896 -0.003881 0.006535 0.000261 0.999971
10.906233 0.356843 0.149838 0.092937 -0.003607 0.006684 0.000247 0.999971
10.916308 0.356851 0.149813 0.092923 -0.002448 0.007422 0.001161 0.999969
10.926215 0.356852 0.149818 0.092921 -0.002465 0.007342 0.000966 0.999970
10.932048 0.356848 0.149846 0.092934 -0.003533 0.006713 0.000210 0.999971
10.939877 0.356849 0.149856 0.092936 -0.003546 0.006677 0.000177 0.999971
10.948665 0.356877 0.149744 0.092981 -0.002072 0.007485 0.000945 0.999969
10.957028 0.356874 0.149756 0.092977 -0.002181 0.007543 0.001101 0.999969
10.964717 0.356840 0.149848 0.092948 -0.003554 0.006618 0.000107 0.999972
10.974073 0.356833 0.149839 0.092948 -0.003699 0.006657 0.000271 0.999971
